15,4	0,0	19,1	14,7	0,0	0,0	0,0	0,0	0,0	17,2
12,1	13,6	0,0	8,6	14,5	0,0	0,0	17,0	0,0	0,0
0,0	0,0	19,8	0,0	18,2	18,3	0,0	0,0	8,4	0,0
12,5	0,0	17,4	0,0	0,0	0,0	8,5	0,0	0,0	0,0
0,0	13,7	0,0	6,8	15,1	0,0	0,0	10,7	0,0	0,0
0,0	18,9	11,6	0,0	8,1	7,1	0,0	0,0	14,3	0,0
0,0	8,8	0,0	14,4	0,0	0,0	12,9	0,0	0,0	11,6
10,7	0,0	9,1	0,0	0,0	0,0	0,0	0,0	0,0	13,6
0,0	8,2	0,0	11,8	12,2	0,0	0,0	14,3	0,0	0,0
0,0	0,0	7,1	0,0	0,0	5,5	15,2	0,0	0,0	9,3
0,0	12,5	0,0	0,0	9,6	0,0	18,6	0,0	14,3	18,1
11,8	0,0	13,8	0,0	18,2	0,0	7,9	11,0	17,1	0,0
0,0	19,9	0,0	0,0	0,0	10,6	0,0	6,7	9,6	18,5
15,9	17,8	15,4	0,0	0,0	13,6	0,0	10,4	17,2	0,0
11,7	0,0	11,8	0,0	13,5	15,3	6,4	6,1	0,0	0,0
0,0	14,7	0,0	19,4	0,0	15,5	0,0	16,3	0,0	0,0
8,9	0,0	12,4	14,1	16,5	0,0	0,0	15,1	0,0	0,0
0,0	0,0	7,4	0,0	0,0	13,7	14,8	0,0	15,5	8,4
19,7	0,0	0,0	12,1	8,4	13,2	19,0	15,6	0,0	13,1
0,0	12,8	0,0	10,5	0,0	0,0	13,8	0,0	7,6	15,2
									
4,2	4,5	2,8	3,1	3,8	3,3	4,7	4,4	4,4	4,5
