8,3	0,0	14,0	16,6	0,0	0,0	0,0	0,0	0,0	6,8
20,0	8,5	0,0	9,5	16,3	0,0	0,0	12,9	0,0	0,0
0,0	0,0	19,4	0,0	10,9	9,5	0,0	0,0	7,4	0,0
9,2	0,0	14,4	0,0	0,0	0,0	8,0	0,0	0,0	0,0
0,0	13,0	0,0	15,4	19,6	0,0	0,0	19,4	0,0	0,0
0,0	13,1	7,3	0,0	7,8	9,3	0,0	0,0	17,5	0,0
0,0	12,3	0,0	9,0	0,0	0,0	7,6	0,0	0,0	10,4
14,3	0,0	19,7	0,0	0,0	0,0	0,0	0,0	0,0	16,3
0,0	11,1	0,0	12,3	10,0	0,0	0,0	12,1	0,0	0,0
0,0	0,0	9,8	0,0	0,0	17,6	5,2	0,0	0,0	9,9
0,0	18,9	0,0	0,0	15,4	0,0	19,8	0,0	9,4	12,8
15,5	0,0	10,3	0,0	15,8	0,0	15,5	9,3	7,4	0,0
0,0	5,6	0,0	0,0	0,0	19,6	0,0	10,2	10,3	12,2
8,7	5,6	13,2	0,0	0,0	13,6	0,0	7,2	15,8	0,0
20,0	0,0	8,7	0,0	16,8	11,0	11,4	19,8	0,0	0,0
0,0	5,2	0,0	18,8	0,0	9,1	0,0	8,5	0,0	0,0
11,5	0,0	15,3	5,1	8,5	0,0	0,0	7,1	0,0	0,0
0,0	0,0	20,0	0,0	0,0	18,0	13,7	0,0	9,3	6,9
11,0	0,0	0,0	5,3	12,7	19,1	18,5	13,3	0,0	6,3
0,0	11,9	0,0	14,4	0,0	0,0	11,2	0,0	8,5	5,9
									
4,4	2,6	4,9	4,4	2,7	4,2	3,3	4,1	5,0	3,0
