13,0	0,0	13,0	8,7	0,0	0,0	0,0	0,0	0,0	18,8
8,6	9,2	0,0	16,6	6,7	0,0	0,0	12,2	0,0	0,0
0,0	0,0	17,7	0,0	10,1	12,7	0,0	0,0	7,2	0,0
13,1	0,0	6,6	0,0	0,0	0,0	8,8	0,0	0,0	0,0
0,0	8,5	0,0	9,8	13,4	0,0	0,0	14,9	0,0	0,0
0,0	10,0	16,0	0,0	16,9	18,8	0,0	0,0	13,1	0,0
0,0	10,6	0,0	15,8	0,0	0,0	16,7	0,0	0,0	10,4
15,9	0,0	6,0	0,0	0,0	0,0	0,0	0,0	0,0	6,0
0,0	9,6	0,0	7,3	17,2	0,0	0,0	19,8	0,0	0,0
0,0	0,0	17,6	0,0	0,0	5,2	15,3	0,0	0,0	15,1
0,0	14,0	0,0	0,0	13,6	0,0	10,5	0,0	8,5	12,3
16,6	0,0	15,0	0,0	19,8	0,0	6,3	10,4	7,3	0,0
0,0	17,5	0,0	0,0	0,0	17,9	0,0	11,6	16,6	11,9
7,6	6,9	19,2	0,0	0,0	6,3	0,0	14,4	6,3	0,0
15,2	0,0	13,0	0,0	12,5	16,3	13,5	9,3	0,0	0,0
0,0	14,8	0,0	15,5	0,0	8,3	0,0	15,1	0,0	0,0
19,7	0,0	8,7	14,1	20,0	0,0	0,0	18,5	0,0	0,0
0,0	0,0	7,4	0,0	0,0	7,8	5,7	0,0	18,1	14,5
11,5	0,0	0,0	19,9	16,1	18,2	13,0	19,8	0,0	12,8
0,0	5,2	0,0	12,5	0,0	0,0	15,3	0,0	5,5	19,7
									
5,0	4,7	5,0	3,8	4,5	4,6	3,8	3,0	4,0	4,7
