11,3	0,0	9,6	10,5	0,0	0,0	0,0	0,0	0,0	7,2
17,4	6,9	0,0	18,3	11,5	0,0	0,0	11,2	0,0	0,0
0,0	0,0	8,3	0,0	10,1	19,4	0,0	0,0	20,0	0,0
16,7	0,0	6,3	0,0	0,0	0,0	15,8	0,0	0,0	0,0
0,0	16,0	0,0	18,2	19,5	0,0	0,0	7,7	0,0	0,0
0,0	6,1	17,7	0,0	6,2	11,6	0,0	0,0	18,8	0,0
0,0	11,3	0,0	12,3	0,0	0,0	9,8	0,0	0,0	10,8
8,2	0,0	17,0	0,0	0,0	0,0	0,0	0,0	0,0	19,3
0,0	10,3	0,0	16,6	18,4	0,0	0,0	9,2	0,0	0,0
0,0	0,0	17,1	0,0	0,0	7,1	13,7	0,0	0,0	16,1
0,0	12,9	0,0	0,0	16,0	0,0	12,2	0,0	11,6	13,7
19,8	0,0	18,1	0,0	9,2	0,0	7,4	8,4	6,3	0,0
0,0	14,9	0,0	0,0	0,0	7,6	0,0	13,2	13,2	14,4
9,1	11,4	12,5	0,0	0,0	15,4	0,0	16,8	12,8	0,0
8,2	0,0	18,8	0,0	10,0	8,1	12,3	19,7	0,0	0,0
0,0	15,5	0,0	14,5	0,0	8,7	0,0	16,3	0,0	0,0
9,7	0,0	6,2	15,7	18,1	0,0	0,0	6,4	0,0	0,0
0,0	0,0	6,5	0,0	0,0	7,0	9,2	0,0	11,3	18,3
13,0	0,0	0,0	9,5	14,5	8,6	8,3	13,7	0,0	5,7
0,0	15,9	0,0	5,5	0,0	0,0	14,3	0,0	13,4	13,3
									
2,8	4,5	3,9	4,6	3,5	4,7	4,2	4,7	4,6	3,2
