9,0	0,0	17,2	6,3	0,0	0,0	0,0	0,0	0,0	18,2
19,7	5,1	0,0	19,9	12,0	0,0	0,0	8,0	0,0	0,0
0,0	0,0	16,4	0,0	8,7	17,2	0,0	0,0	13,0	0,0
18,4	0,0	14,0	0,0	0,0	0,0	19,3	0,0	0,0	0,0
0,0	14,1	0,0	12,5	19,4	0,0	0,0	7,5	0,0	0,0
0,0	9,3	10,3	0,0	10,0	7,3	0,0	0,0	11,9	0,0
0,0	13,2	0,0	6,1	0,0	0,0	9,1	0,0	0,0	5,1
6,5	0,0	15,7	0,0	0,0	0,0	0,0	0,0	0,0	18,7
0,0	12,7	0,0	12,2	19,9	0,0	0,0	12,4	0,0	0,0
0,0	0,0	17,5	0,0	0,0	17,4	5,7	0,0	0,0	9,1
0,0	13,9	0,0	0,0	6,8	0,0	16,4	0,0	7,3	10,4
8,7	0,0	17,3	0,0	17,2	0,0	13,2	17,2	6,8	0,0
0,0	9,6	0,0	0,0	0,0	13,7	0,0	5,4	10,1	15,3
6,5	17,0	18,5	0,0	0,0	11,3	0,0	19,1	5,6	0,0
13,2	0,0	7,0	0,0	6,9	5,3	12,7	11,8	0,0	0,0
0,0	19,7	0,0	18,3	0,0	12,9	0,0	9,1	0,0	0,0
16,8	0,0	5,6	13,6	8,1	0,0	0,0	15,9	0,0	0,0
0,0	0,0	9,8	0,0	0,0	8,7	6,5	0,0	17,8	15,0
17,5	0,0	0,0	18,5	17,1	16,7	13,8	17,7	0,0	13,3
0,0	7,4	0,0	12,6	0,0	0,0	8,9	0,0	10,4	8,8
									
4,0	2,7	4,4	2,7	4,7	3,8	2,6	4,9	4,5	3,5
