5,3	0,0	13,7	7,3	0,0	0,0	0,0	0,0	0,0	10,3
12,9	13,9	0,0	16,2	17,3	0,0	0,0	16,2	0,0	0,0
0,0	0,0	18,9	0,0	16,3	9,8	0,0	0,0	19,6	0,0
6,6	0,0	14,4	0,0	0,0	0,0	8,5	0,0	0,0	0,0
0,0	6,4	0,0	9,9	13,2	0,0	0,0	6,1	0,0	0,0
0,0	16,0	13,6	0,0	17,8	8,7	0,0	0,0	7,3	0,0
0,0	7,2	0,0	15,2	0,0	0,0	15,6	0,0	0,0	9,5
12,6	0,0	16,6	0,0	0,0	0,0	0,0	0,0	0,0	10,2
0,0	16,1	0,0	8,5	19,7	0,0	0,0	8,1	0,0	0,0
0,0	0,0	9,4	0,0	0,0	19,1	19,6	0,0	0,0	18,5
0,0	6,2	0,0	0,0	5,3	0,0	14,2	0,0	8,3	9,0
16,7	0,0	5,6	0,0	5,9	0,0	15,7	17,9	18,4	0,0
0,0	13,5	0,0	0,0	0,0	11,1	0,0	5,3	5,8	13,1
19,1	6,5	12,3	0,0	0,0	17,8	0,0	13,5	16,6	0,0
16,3	0,0	10,3	0,0	5,2	6,1	19,7	14,6	0,0	0,0
0,0	18,9	0,0	19,9	0,0	9,8	0,0	18,3	0,0	0,0
5,8	0,0	15,8	5,7	19,7	0,0	0,0	10,0	0,0	0,0
0,0	0,0	12,4	0,0	0,0	5,2	7,3	0,0	10,9	9,7
5,4	0,0	0,0	6,6	14,8	17,0	12,2	5,4	0,0	9,2
0,0	6,1	0,0	11,8	0,0	0,0	17,2	0,0	9,8	14,0
									
4,5	4,2	3,8	2,8	3,6	4,2	4,2	3,4	2,7	3,7
