6,9	0,0	10,3	11,9	0,0	0,0	0,0	0,0	0,0	9,9
13,4	13,0	0,0	5,7	9,6	0,0	0,0	8,7	0,0	0,0
0,0	0,0	14,2	0,0	15,3	17,6	0,0	0,0	9,3	0,0
14,9	0,0	12,6	0,0	0,0	0,0	13,0	0,0	0,0	0,0
0,0	14,7	0,0	16,2	10,8	0,0	0,0	12,0	0,0	0,0
0,0	11,4	18,2	0,0	14,2	14,5	0,0	0,0	6,3	0,0
0,0	9,3	0,0	19,6	0,0	0,0	9,3	0,0	0,0	14,1
16,9	0,0	15,5	0,0	0,0	0,0	0,0	0,0	0,0	11,4
0,0	10,3	0,0	15,3	13,6	0,0	0,0	13,2	0,0	0,0
0,0	0,0	18,5	0,0	0,0	14,3	13,6	0,0	0,0	8,9
0,0	10,6	0,0	0,0	17,2	0,0	17,3	0,0	13,2	14,7
15,8	0,0	14,9	0,0	16,0	0,0	8,6	6,3	17,7	0,0
0,0	12,6	0,0	0,0	0,0	12,3	0,0	16,8	18,9	11,4
5,9	11,8	8,4	0,0	0,0	8,7	0,0	7,0	17,0	0,0
9,3	0,0	15,4	0,0	19,3	8,8	9,6	19,9	0,0	0,0
0,0	17,1	0,0	14,9	0,0	14,9	0,0	12,7	0,0	0,0
13,6	0,0	12,5	20,0	18,9	0,0	0,0	11,0	0,0	0,0
0,0	0,0	10,1	0,0	0,0	14,5	15,5	0,0	9,7	15,0
16,1	0,0	0,0	9,2	14,8	16,7	16,4	12,6	0,0	13,8
0,0	12,9	0,0	17,5	0,0	0,0	10,6	0,0	13,2	10,0
									
4,3	4,2	4,6	3,3	3,5	4,2	4,1	3,2	4,3	3,3
