9,0	0,0	12,9	13,0	0,0	0,0	0,0	0,0	0,0	11,0
13,4	10,9	0,0	12,3	16,6	0,0	0,0	19,9	0,0	0,0
0,0	0,0	18,7	0,0	8,6	16,9	0,0	0,0	15,3	0,0
9,9	0,0	9,4	0,0	0,0	0,0	14,8	0,0	0,0	0,0
0,0	18,3	0,0	19,7	16,9	0,0	0,0	5,2	0,0	0,0
0,0	16,1	7,5	0,0	14,4	7,8	0,0	0,0	19,6	0,0
0,0	6,4	0,0	17,9	0,0	0,0	7,4	0,0	0,0	9,7
16,1	0,0	18,3	0,0	0,0	0,0	0,0	0,0	0,0	11,7
0,0	16,4	0,0	17,1	10,7	0,0	0,0	10,5	0,0	0,0
0,0	0,0	10,0	0,0	0,0	19,9	13,2	0,0	0,0	15,4
0,0	7,3	0,0	0,0	6,4	0,0	13,9	0,0	17,8	12,9
18,2	0,0	6,3	0,0	5,3	0,0	7,1	12,1	19,7	0,0
0,0	16,2	0,0	0,0	0,0	15,5	0,0	8,3	8,4	7,1
17,4	10,7	13,0	0,0	0,0	18,6	0,0	9,2	7,1	0,0
20,0	0,0	16,0	0,0	11,8	7,3	17,4	14,7	0,0	0,0
0,0	19,0	0,0	11,5	0,0	13,9	0,0	11,5	0,0	0,0
10,0	0,0	14,4	13,9	19,7	0,0	0,0	7,4	0,0	0,0
0,0	0,0	19,3	0,0	0,0	5,4	16,2	0,0	15,2	19,0
15,0	0,0	0,0	13,9	15,5	9,0	11,1	7,5	0,0	8,2
0,0	19,1	0,0	19,8	0,0	0,0	6,4	0,0	17,0	6,7
									
4,9	4,1	3,9	3,6	3,5	3,4	3,3	4,2	3,8	3,6
