9,0	0,0	18,5	11,7	0,0	0,0	0,0	0,0	0,0	6,8
12,7	6,0	0,0	8,2	10,7	0,0	0,0	13,4	0,0	0,0
0,0	0,0	15,7	0,0	14,6	17,1	0,0	0,0	13,1	0,0
16,8	0,0	19,0	0,0	0,0	0,0	6,3	0,0	0,0	0,0
0,0	15,3	0,0	15,7	12,9	0,0	0,0	14,6	0,0	0,0
0,0	15,9	17,4	0,0	9,9	13,3	0,0	0,0	12,7	0,0
0,0	15,5	0,0	8,0	0,0	0,0	6,8	0,0	0,0	7,4
16,3	0,0	5,3	0,0	0,0	0,0	0,0	0,0	0,0	15,0
0,0	14,5	0,0	16,4	12,6	0,0	0,0	10,8	0,0	0,0
0,0	0,0	7,8	0,0	0,0	19,0	10,7	0,0	0,0	13,7
0,0	17,7	0,0	0,0	16,4	0,0	17,3	0,0	16,2	13,5
12,3	0,0	7,2	0,0	14,9	0,0	8,3	18,0	8,8	0,0
0,0	8,2	0,0	0,0	0,0	7,6	0,0	12,6	16,0	8,3
15,4	16,2	6,5	0,0	0,0	5,4	0,0	5,4	17,3	0,0
14,7	0,0	9,8	0,0	10,4	16,8	9,7	12,8	0,0	0,0
0,0	9,9	0,0	12,0	0,0	14,5	0,0	13,6	0,0	0,0
19,7	0,0	19,1	11,9	16,2	0,0	0,0	9,9	0,0	0,0
0,0	0,0	9,5	0,0	0,0	15,0	8,3	0,0	5,3	16,7
17,7	0,0	0,0	6,5	12,7	10,1	15,2	13,3	0,0	15,4
0,0	13,1	0,0	15,5	0,0	0,0	9,0	0,0	8,0	5,7
									
3,8	4,8	4,8	3,6	2,6	4,9	3,3	3,3	3,3	4,4
