11,7	0,0	15,5	17,4	0,0	0,0	0,0	0,0	0,0	14,3
18,5	15,1	0,0	14,9	16,3	0,0	0,0	10,7	0,0	0,0
0,0	0,0	9,0	0,0	10,2	14,2	0,0	0,0	15,2	0,0
18,2	0,0	17,0	0,0	0,0	0,0	8,9	0,0	0,0	0,0
0,0	16,3	0,0	10,1	18,4	0,0	0,0	18,3	0,0	0,0
0,0	13,2	15,2	0,0	13,5	7,9	0,0	0,0	9,4	0,0
0,0	18,1	0,0	17,6	0,0	0,0	15,9	0,0	0,0	15,4
17,8	0,0	6,4	0,0	0,0	0,0	0,0	0,0	0,0	17,2
0,0	17,2	0,0	11,7	18,2	0,0	0,0	7,5	0,0	0,0
0,0	0,0	6,1	0,0	0,0	16,8	11,5	0,0	0,0	9,6
0,0	12,8	0,0	0,0	10,8	0,0	5,1	0,0	14,3	16,8
15,8	0,0	19,8	0,0	18,1	0,0	11,2	14,5	12,7	0,0
0,0	18,7	0,0	0,0	0,0	14,1	0,0	6,9	14,2	8,3
13,7	10,5	6,7	0,0	0,0	12,3	0,0	17,9	14,9	0,0
8,4	0,0	7,7	0,0	13,1	6,6	17,6	13,7	0,0	0,0
0,0	12,8	0,0	8,6	0,0	16,9	0,0	9,6	0,0	0,0
10,0	0,0	10,8	19,2	18,9	0,0	0,0	5,3	0,0	0,0
0,0	0,0	12,6	0,0	0,0	18,8	8,1	0,0	15,7	13,9
8,4	0,0	0,0	16,2	7,6	7,6	17,2	11,6	0,0	11,0
0,0	13,6	0,0	9,3	0,0	0,0	15,2	0,0	8,5	18,2
									
4,5	4,0	2,7	4,4	3,9	2,7	4,9	4,6	4,3	5,0
