14,9	0,0	16,4	17,2	0,0	0,0	0,0	0,0	0,0	5,1
13,5	8,2	0,0	11,2	10,9	0,0	0,0	6,6	0,0	0,0
0,0	0,0	11,5	0,0	17,3	15,8	0,0	0,0	12,4	0,0
11,0	0,0	13,8	0,0	0,0	0,0	18,4	0,0	0,0	0,0
0,0	13,6	0,0	6,5	9,5	0,0	0,0	14,5	0,0	0,0
0,0	6,6	9,4	0,0	6,5	8,3	0,0	0,0	14,5	0,0
0,0	16,8	0,0	11,9	0,0	0,0	8,1	0,0	0,0	14,4
13,2	0,0	18,1	0,0	0,0	0,0	0,0	0,0	0,0	13,5
0,0	18,2	0,0	12,9	15,5	0,0	0,0	7,9	0,0	0,0
0,0	0,0	19,8	0,0	0,0	7,6	19,4	0,0	0,0	14,3
0,0	10,5	0,0	0,0	5,4	0,0	7,6	0,0	18,0	8,3
15,3	0,0	7,0	0,0	9,5	0,0	13,1	16,7	13,3	0,0
0,0	13,2	0,0	0,0	0,0	12,3	0,0	8,2	10,8	11,6
10,7	12,4	11,7	0,0	0,0	9,8	0,0	10,7	17,4	0,0
9,6	0,0	17,6	0,0	18,9	11,6	6,7	16,3	0,0	0,0
0,0	9,0	0,0	16,0	0,0	17,1	0,0	18,7	0,0	0,0
8,1	0,0	11,3	16,9	6,4	0,0	0,0	10,0	0,0	0,0
0,0	0,0	19,5	0,0	0,0	7,3	9,4	0,0	16,0	8,0
14,6	0,0	0,0	12,1	16,4	10,5	13,5	15,2	0,0	13,2
0,0	18,8	0,0	19,8	0,0	0,0	8,3	0,0	17,1	6,1
									
4,0	3,1	3,9	4,1	3,5	5,0	4,1	3,3	3,4	4,2
