15,8	0,0	17,6	9,5	0,0	0,0	0,0	0,0	0,0	19,8
19,9	10,9	0,0	8,8	10,8	0,0	0,0	10,3	0,0	0,0
0,0	0,0	8,7	0,0	15,8	7,2	0,0	0,0	18,2	0,0
15,8	0,0	17,3	0,0	0,0	0,0	9,4	0,0	0,0	0,0
0,0	6,8	0,0	6,3	19,7	0,0	0,0	6,4	0,0	0,0
0,0	19,0	16,8	0,0	6,5	12,1	0,0	0,0	8,8	0,0
0,0	9,3	0,0	14,7	0,0	0,0	10,8	0,0	0,0	8,2
16,0	0,0	5,9	0,0	0,0	0,0	0,0	0,0	0,0	19,6
0,0	16,6	0,0	6,2	12,4	0,0	0,0	16,8	0,0	0,0
0,0	0,0	16,8	0,0	0,0	8,9	14,3	0,0	0,0	7,5
0,0	6,8	0,0	0,0	12,6	0,0	7,3	0,0	13,7	19,1
11,2	0,0	12,0	0,0	11,0	0,0	12,1	11,9	18,6	0,0
0,0	14,0	0,0	0,0	0,0	12,6	0,0	18,7	6,5	19,6
18,4	8,7	10,3	0,0	0,0	9,1	0,0	7,4	14,9	0,0
7,3	0,0	15,8	0,0	14,2	18,5	14,4	11,6	0,0	0,0
0,0	18,7	0,0	19,0	0,0	17,9	0,0	5,1	0,0	0,0
16,2	0,0	6,5	11,5	19,3	0,0	0,0	10,8	0,0	0,0
0,0	0,0	18,0	0,0	0,0	6,1	7,5	0,0	14,1	11,8
7,6	0,0	0,0	19,8	12,4	8,8	13,1	5,4	0,0	11,6
0,0	10,0	0,0	12,0	0,0	0,0	9,0	0,0	12,6	13,1
									
4,3	3,6	3,4	4,9	3,8	3,5	3,7	2,6	3,7	4,9
