14,5	0,0	11,7	18,1	0,0	0,0	0,0	0,0	0,0	10,2
19,8	5,8	0,0	14,8	13,4	0,0	0,0	11,1	0,0	0,0
0,0	0,0	13,8	0,0	6,1	18,9	0,0	0,0	7,1	0,0
9,5	0,0	11,5	0,0	0,0	0,0	13,2	0,0	0,0	0,0
0,0	17,6	0,0	7,0	18,3	0,0	0,0	17,7	0,0	0,0
0,0	16,8	11,9	0,0	16,6	9,8	0,0	0,0	9,8	0,0
0,0	7,2	0,0	16,9	0,0	0,0	17,1	0,0	0,0	12,1
9,9	0,0	11,5	0,0	0,0	0,0	0,0	0,0	0,0	17,9
0,0	18,0	0,0	19,7	9,4	0,0	0,0	12,0	0,0	0,0
0,0	0,0	14,1	0,0	0,0	18,3	17,5	0,0	0,0	9,1
0,0	18,8	0,0	0,0	5,4	0,0	16,9	0,0	8,9	17,6
10,4	0,0	7,4	0,0	9,2	0,0	11,2	8,1	9,4	0,0
0,0	19,9	0,0	0,0	0,0	19,1	0,0	11,0	18,1	15,1
10,7	8,9	10,3	0,0	0,0	13,9	0,0	9,8	14,2	0,0
9,9	0,0	15,7	0,0	18,1	11,9	17,9	11,3	0,0	0,0
0,0	10,5	0,0	14,2	0,0	12,9	0,0	9,9	0,0	0,0
16,5	0,0	9,0	6,6	16,4	0,0	0,0	15,3	0,0	0,0
0,0	0,0	17,6	0,0	0,0	11,7	9,0	0,0	7,8	18,7
13,2	0,0	0,0	16,3	16,3	6,4	8,8	17,8	0,0	13,9
0,0	5,1	0,0	5,7	0,0	0,0	17,4	0,0	18,5	9,4
									
4,2	3,5	3,7	4,5	3,2	2,8	3,2	4,0	2,8	4,0
