12,7	0,0	13,7	19,9	0,0	0,0	0,0	0,0	0,0	16,6
19,0	7,6	0,0	16,9	8,3	0,0	0,0	9,0	0,0	0,0
0,0	0,0	16,5	0,0	7,8	17,2	0,0	0,0	9,8	0,0
11,3	0,0	6,9	0,0	0,0	0,0	8,9	0,0	0,0	0,0
0,0	17,2	0,0	16,7	19,7	0,0	0,0	19,7	0,0	0,0
0,0	11,5	13,3	0,0	7,0	13,1	0,0	0,0	10,4	0,0
0,0	17,5	0,0	11,3	0,0	0,0	5,7	0,0	0,0	6,9
6,3	0,0	18,7	0,0	0,0	0,0	0,0	0,0	0,0	20,0
0,0	17,1	0,0	12,8	6,7	0,0	0,0	6,4	0,0	0,0
0,0	0,0	15,1	0,0	0,0	6,8	6,5	0,0	0,0	11,6
0,0	16,8	0,0	0,0	10,7	0,0	10,1	0,0	17,1	15,1
17,2	0,0	15,5	0,0	13,9	0,0	16,9	8,8	12,1	0,0
0,0	6,6	0,0	0,0	0,0	9,9	0,0	5,3	13,1	16,7
5,6	18,8	13,5	0,0	0,0	10,0	0,0	11,7	17,4	0,0
8,6	0,0	10,1	0,0	9,3	16,9	13,2	17,1	0,0	0,0
0,0	19,0	0,0	17,7	0,0	14,1	0,0	20,0	0,0	0,0
18,6	0,0	6,1	16,1	16,3	0,0	0,0	6,4	0,0	0,0
0,0	0,0	17,6	0,0	0,0	11,3	15,9	0,0	18,0	9,0
6,5	0,0	0,0	10,7	16,7	19,9	12,4	6,1	0,0	19,9
0,0	5,2	0,0	18,7	0,0	0,0	7,2	0,0	11,8	8,1
									
3,1	3,0	3,9	4,4	3,6	3,0	4,1	3,5	4,7	4,9
