5,3	0,0	6,3	5,8	0,0	0,0	0,0	0,0	0,0	9,9
10,3	5,9	0,0	6,1	10,1	0,0	0,0	18,2	0,0	0,0
0,0	0,0	13,4	0,0	18,7	18,7	0,0	0,0	5,3	0,0
17,1	0,0	14,6	0,0	0,0	0,0	19,8	0,0	0,0	0,0
0,0	19,6	0,0	11,5	9,4	0,0	0,0	18,3	0,0	0,0
0,0	7,0	16,2	0,0	17,1	13,6	0,0	0,0	7,6	0,0
0,0	16,5	0,0	16,5	0,0	0,0	15,1	0,0	0,0	12,8
17,2	0,0	16,5	0,0	0,0	0,0	0,0	0,0	0,0	7,4
0,0	12,7	0,0	13,5	14,6	0,0	0,0	16,9	0,0	0,0
0,0	0,0	13,6	0,0	0,0	15,2	15,7	0,0	0,0	10,1
0,0	14,4	0,0	0,0	7,0	0,0	8,3	0,0	17,0	18,1
18,0	0,0	8,8	0,0	11,9	0,0	18,8	5,3	14,8	0,0
0,0	7,5	0,0	0,0	0,0	10,3	0,0	17,3	17,1	14,6
7,9	14,4	17,5	0,0	0,0	5,8	0,0	9,5	12,4	0,0
12,8	0,0	12,2	0,0	19,6	14,5	18,5	17,9	0,0	0,0
0,0	18,5	0,0	12,1	0,0	12,9	0,0	5,8	0,0	0,0
11,7	0,0	15,0	5,6	19,7	0,0	0,0	18,3	0,0	0,0
0,0	0,0	7,9	0,0	0,0	16,1	11,0	0,0	11,6	13,3
6,6	0,0	0,0	19,0	14,1	14,8	14,8	19,1	0,0	20,0
0,0	10,9	0,0	7,1	0,0	0,0	10,7	0,0	7,4	14,5
									
4,8	3,4	4,0	4,2	3,6	4,0	3,3	4,3	4,9	4,8
