16,4	0,0	6,3	19,3	0,0	0,0	0,0	0,0	0,0	16,5
13,2	9,9	0,0	5,8	14,7	0,0	0,0	13,8	0,0	0,0
0,0	0,0	19,4	0,0	19,4	17,9	0,0	0,0	7,1	0,0
9,2	0,0	8,4	0,0	0,0	0,0	5,2	0,0	0,0	0,0
0,0	13,4	0,0	7,0	16,8	0,0	0,0	14,2	0,0	0,0
0,0	14,6	6,0	0,0	8,3	6,8	0,0	0,0	7,0	0,0
0,0	13,9	0,0	11,3	0,0	0,0	11,8	0,0	0,0	10,1
7,1	0,0	17,2	0,0	0,0	0,0	0,0	0,0	0,0	11,5
0,0	10,0	0,0	13,1	15,3	0,0	0,0	17,8	0,0	0,0
0,0	0,0	11,1	0,0	0,0	7,5	16,3	0,0	0,0	13,2
0,0	18,7	0,0	0,0	19,2	0,0	19,1	0,0	14,5	7,4
11,7	0,0	17,2	0,0	10,2	0,0	18,6	17,8	11,3	0,0
0,0	14,6	0,0	0,0	0,0	12,6	0,0	19,3	8,0	10,6
18,5	10,2	11,9	0,0	0,0	19,3	0,0	18,3	10,4	0,0
5,9	0,0	17,2	0,0	19,3	17,0	15,5	11,9	0,0	0,0
0,0	12,6	0,0	8,0	0,0	18,3	0,0	7,2	0,0	0,0
18,6	0,0	14,0	9,2	16,3	0,0	0,0	8,2	0,0	0,0
0,0	0,0	16,5	0,0	0,0	10,3	10,2	0,0	16,3	10,6
13,2	0,0	0,0	18,5	6,9	9,3	10,0	17,2	0,0	18,3
0,0	13,2	0,0	18,3	0,0	0,0	15,9	0,0	15,2	17,4
									
2,7	3,9	2,9	3,3	2,6	3,5	4,9	5,0	3,2	3,0
