14,1	0,0	17,5	10,3	0,0	0,0	0,0	0,0	0,0	10,1
13,8	7,8	0,0	14,2	10,7	0,0	0,0	6,9	0,0	0,0
0,0	0,0	6,8	0,0	15,9	6,5	0,0	0,0	18,0	0,0
17,6	0,0	5,6	0,0	0,0	0,0	8,4	0,0	0,0	0,0
0,0	12,7	0,0	7,8	10,3	0,0	0,0	19,9	0,0	0,0
0,0	15,8	13,2	0,0	10,5	14,3	0,0	0,0	10,0	0,0
0,0	5,2	0,0	11,1	0,0	0,0	9,2	0,0	0,0	19,6
11,9	0,0	17,3	0,0	0,0	0,0	0,0	0,0	0,0	19,7
0,0	12,4	0,0	7,9	17,9	0,0	0,0	13,3	0,0	0,0
0,0	0,0	7,0	0,0	0,0	11,4	11,4	0,0	0,0	16,2
0,0	8,8	0,0	0,0	17,5	0,0	7,3	0,0	17,8	13,5
8,7	0,0	17,0	0,0	19,6	0,0	14,8	5,2	13,2	0,0
0,0	11,0	0,0	0,0	0,0	16,4	0,0	13,5	16,8	16,5
7,5	9,2	5,5	0,0	0,0	19,4	0,0	17,0	6,9	0,0
18,0	0,0	6,2	0,0	6,2	16,0	14,6	12,1	0,0	0,0
0,0	11,0	0,0	19,3	0,0	16,1	0,0	13,0	0,0	0,0
12,5	0,0	15,0	17,5	19,0	0,0	0,0	14,8	0,0	0,0
0,0	0,0	11,8	0,0	0,0	18,8	8,3	0,0	12,0	14,3
18,0	0,0	0,0	9,6	19,7	18,0	14,4	18,2	0,0	10,6
0,0	15,3	0,0	14,9	0,0	0,0	9,7	0,0	7,0	9,0
									
2,6	3,3	3,8	4,1	5,0	4,2	3,5	4,5	3,0	3,7
