18,1	0,0	7,2	10,1	0,0	0,0	0,0	0,0	0,0	5,1
9,3	14,4	0,0	13,1	12,7	0,0	0,0	10,9	0,0	0,0
0,0	0,0	8,4	0,0	17,4	11,1	0,0	0,0	6,5	0,0
15,8	0,0	6,6	0,0	0,0	0,0	15,4	0,0	0,0	0,0
0,0	18,0	0,0	11,2	10,2	0,0	0,0	11,4	0,0	0,0
0,0	5,8	11,8	0,0	12,1	14,5	0,0	0,0	7,2	0,0
0,0	16,4	0,0	11,0	0,0	0,0	16,0	0,0	0,0	5,5
9,1	0,0	20,0	0,0	0,0	0,0	0,0	0,0	0,0	8,2
0,0	11,8	0,0	17,9	5,6	0,0	0,0	19,9	0,0	0,0
0,0	0,0	9,3	0,0	0,0	12,2	19,0	0,0	0,0	18,7
0,0	14,5	0,0	0,0	19,3	0,0	11,8	0,0	11,2	12,0
19,8	0,0	5,8	0,0	10,4	0,0	10,9	15,5	15,2	0,0
0,0	11,3	0,0	0,0	0,0	16,1	0,0	8,1	12,1	17,0
6,7	18,2	16,8	0,0	0,0	18,1	0,0	16,0	8,7	0,0
15,4	0,0	17,3	0,0	15,7	15,0	9,0	5,5	0,0	0,0
0,0	16,1	0,0	18,2	0,0	10,8	0,0	16,3	0,0	0,0
14,1	0,0	8,6	14,4	18,4	0,0	0,0	7,6	0,0	0,0
0,0	0,0	19,3	0,0	0,0	16,6	6,5	0,0	8,5	7,5
12,2	0,0	0,0	18,3	6,6	20,0	10,5	11,0	0,0	17,3
0,0	19,4	0,0	7,9	0,0	0,0	7,0	0,0	11,9	14,7
									
3,0	3,7	4,8	3,7	4,2	4,0	3,5	4,2	3,9	3,1
