18,1	0,0	10,5	18,8	0,0	0,0	0,0	0,0	0,0	5,1
20,0	11,4	0,0	12,2	16,8	0,0	0,0	17,8	0,0	0,0
0,0	0,0	15,3	0,0	8,5	5,2	0,0	0,0	14,9	0,0
10,4	0,0	8,1	0,0	0,0	0,0	6,0	0,0	0,0	0,0
0,0	18,1	0,0	7,4	15,0	0,0	0,0	7,1	0,0	0,0
0,0	6,8	9,1	0,0	14,5	14,2	0,0	0,0	16,6	0,0
0,0	6,3	0,0	19,3	0,0	0,0	12,7	0,0	0,0	15,2
16,2	0,0	6,2	0,0	0,0	0,0	0,0	0,0	0,0	10,8
0,0	16,7	0,0	16,8	11,2	0,0	0,0	10,4	0,0	0,0
0,0	0,0	7,9	0,0	0,0	10,3	19,5	0,0	0,0	18,2
0,0	6,0	0,0	0,0	13,9	0,0	13,4	0,0	7,7	12,9
15,4	0,0	11,5	0,0	6,1	0,0	15,0	5,1	19,7	0,0
0,0	7,6	0,0	0,0	0,0	17,0	0,0	15,3	17,7	17,2
9,3	15,0	7,7	0,0	0,0	14,5	0,0	15,5	6,4	0,0
15,3	0,0	18,7	0,0	14,3	5,7	8,0	12,8	0,0	0,0
0,0	10,2	0,0	18,2	0,0	11,1	0,0	16,6	0,0	0,0
16,5	0,0	19,1	15,4	12,9	0,0	0,0	6,4	0,0	0,0
0,0	0,0	12,6	0,0	0,0	12,9	9,6	0,0	14,7	17,1
12,2	0,0	0,0	10,2	5,2	7,9	12,3	11,9	0,0	5,7
0,0	11,5	0,0	18,0	0,0	0,0	19,1	0,0	15,2	18,9
									
4,2	4,5	4,4	3,9	3,0	3,8	2,6	2,6	3,6	3,5
