19,2	0,0	5,2	16,0	0,0	0,0	0,0	0,0	0,0	15,6
12,5	7,6	0,0	19,9	19,2	0,0	0,0	18,8	0,0	0,0
0,0	0,0	18,6	0,0	16,0	18,1	0,0	0,0	9,7	0,0
14,7	0,0	12,8	0,0	0,0	0,0	6,8	0,0	0,0	0,0
0,0	15,7	0,0	15,8	13,2	0,0	0,0	14,9	0,0	0,0
0,0	18,2	9,1	0,0	10,7	19,8	0,0	0,0	11,5	0,0
0,0	16,2	0,0	10,4	0,0	0,0	6,9	0,0	0,0	17,0
10,4	0,0	6,2	0,0	0,0	0,0	0,0	0,0	0,0	10,4
0,0	17,7	0,0	18,8	6,7	0,0	0,0	10,5	0,0	0,0
0,0	0,0	16,1	0,0	0,0	16,5	19,8	0,0	0,0	19,2
0,0	11,2	0,0	0,0	5,5	0,0	5,6	0,0	12,8	9,2
15,1	0,0	14,9	0,0	19,3	0,0	9,1	5,8	18,3	0,0
0,0	18,7	0,0	0,0	0,0	5,3	0,0	18,3	12,0	12,0
19,6	10,9	17,8	0,0	0,0	8,0	0,0	5,2	15,8	0,0
7,9	0,0	8,3	0,0	9,4	11,0	12,1	12,5	0,0	0,0
0,0	17,1	0,0	13,5	0,0	10,8	0,0	15,3	0,0	0,0
7,2	0,0	5,4	15,6	9,6	0,0	0,0	15,2	0,0	0,0
0,0	0,0	18,8	0,0	0,0	9,2	16,2	0,0	16,8	9,7
18,7	0,0	0,0	7,8	11,3	15,5	17,9	7,6	0,0	13,9
0,0	8,8	0,0	19,8	0,0	0,0	9,4	0,0	11,8	12,2
									
3,9	2,7	4,6	4,7	4,7	2,8	5,0	4,0	3,0	2,8
