9,0	0,0	19,5	10,8	0,0	0,0	0,0	0,0	0,0	18,9
16,4	13,4	0,0	14,0	12,2	0,0	0,0	8,8	0,0	0,0
0,0	0,0	18,9	0,0	14,9	20,0	0,0	0,0	19,6	0,0
10,8	0,0	19,9	0,0	0,0	0,0	18,7	0,0	0,0	0,0
0,0	12,6	0,0	6,5	6,6	0,0	0,0	13,5	0,0	0,0
0,0	9,7	16,0	0,0	9,1	19,8	0,0	0,0	14,7	0,0
0,0	17,5	0,0	10,4	0,0	0,0	5,7	0,0	0,0	8,4
18,8	0,0	10,8	0,0	0,0	0,0	0,0	0,0	0,0	8,6
0,0	19,6	0,0	16,9	18,7	0,0	0,0	17,4	0,0	0,0
0,0	0,0	5,9	0,0	0,0	8,2	16,0	0,0	0,0	17,9
0,0	13,5	0,0	0,0	16,9	0,0	14,8	0,0	13,5	5,9
5,7	0,0	19,7	0,0	9,8	0,0	18,7	6,5	14,5	0,0
0,0	10,9	0,0	0,0	0,0	12,8	0,0	7,2	5,3	5,2
8,2	19,0	17,4	0,0	0,0	12,4	0,0	14,3	11,4	0,0
5,1	0,0	14,4	0,0	11,5	11,0	13,3	12,6	0,0	0,0
0,0	5,4	0,0	9,0	0,0	14,3	0,0	17,0	0,0	0,0
5,3	0,0	15,5	17,5	19,8	0,0	0,0	8,0	0,0	0,0
0,0	0,0	19,3	0,0	0,0	12,1	14,0	0,0	15,0	11,6
11,1	0,0	0,0	11,4	17,0	6,3	11,4	12,7	0,0	6,5
0,0	16,2	0,0	19,6	0,0	0,0	7,9	0,0	8,1	17,3
									
4,4	2,8	4,2	3,9	2,9	4,9	5,0	3,9	3,2	4,0
