9,0	0,0	10,0	18,7	0,0	0,0	0,0	0,0	0,0	8,0
7,1	17,2	0,0	13,4	7,9	0,0	0,0	6,2	0,0	0,0
0,0	0,0	5,2	0,0	7,4	16,8	0,0	0,0	13,5	0,0
14,3	0,0	14,8	0,0	0,0	0,0	16,9	0,0	0,0	0,0
0,0	9,3	0,0	16,3	8,6	0,0	0,0	18,0	0,0	0,0
0,0	17,7	13,7	0,0	11,1	7,5	0,0	0,0	10,6	0,0
0,0	14,8	0,0	12,6	0,0	0,0	9,2	0,0	0,0	12,6
8,5	0,0	9,4	0,0	0,0	0,0	0,0	0,0	0,0	12,7
0,0	7,2	0,0	12,4	15,4	0,0	0,0	5,4	0,0	0,0
0,0	0,0	10,7	0,0	0,0	5,4	19,9	0,0	0,0	18,7
0,0	18,9	0,0	0,0	16,0	0,0	13,6	0,0	8,4	10,0
16,6	0,0	20,0	0,0	17,2	0,0	10,8	8,3	17,0	0,0
0,0	6,1	0,0	0,0	0,0	15,3	0,0	16,9	6,4	11,3
13,8	17,0	15,2	0,0	0,0	12,0	0,0	7,0	5,1	0,0
19,2	0,0	17,6	0,0	19,1	6,7	10,0	6,3	0,0	0,0
0,0	17,0	0,0	14,0	0,0	19,2	0,0	13,2	0,0	0,0
6,7	0,0	18,9	11,5	19,6	0,0	0,0	5,1	0,0	0,0
0,0	0,0	19,3	0,0	0,0	13,8	13,2	0,0	8,8	5,9
7,3	0,0	0,0	17,3	9,1	13,6	12,2	13,9	0,0	12,3
0,0	11,1	0,0	16,0	0,0	0,0	6,1	0,0	9,9	9,1
									
4,9	3,4	5,0	2,9	4,1	4,3	2,9	3,3	3,3	3,3
