19,6	0,0	9,3	5,5	0,0	0,0	0,0	0,0	0,0	17,9
15,0	7,0	0,0	17,0	9,1	0,0	0,0	19,7	0,0	0,0
0,0	0,0	17,8	0,0	18,5	19,9	0,0	0,0	6,1	0,0
14,9	0,0	20,0	0,0	0,0	0,0	7,3	0,0	0,0	0,0
0,0	18,7	0,0	16,8	18,8	0,0	0,0	7,5	0,0	0,0
0,0	11,1	6,8	0,0	17,2	16,4	0,0	0,0	8,6	0,0
0,0	12,1	0,0	17,6	0,0	0,0	5,7	0,0	0,0	15,2
8,4	0,0	15,4	0,0	0,0	0,0	0,0	0,0	0,0	13,1
0,0	9,7	0,0	10,6	12,4	0,0	0,0	18,9	0,0	0,0
0,0	0,0	17,5	0,0	0,0	15,2	6,6	0,0	0,0	18,2
0,0	14,6	0,0	0,0	16,2	0,0	7,2	0,0	11,3	7,4
8,2	0,0	19,1	0,0	18,7	0,0	16,9	9,3	19,9	0,0
0,0	6,6	0,0	0,0	0,0	8,9	0,0	9,6	9,6	12,8
17,4	9,3	5,9	0,0	0,0	10,3	0,0	15,7	8,5	0,0
18,6	0,0	11,1	0,0	14,7	16,0	15,9	14,8	0,0	0,0
0,0	14,8	0,0	15,1	0,0	10,5	0,0	6,7	0,0	0,0
6,4	0,0	16,2	9,7	12,0	0,0	0,0	19,9	0,0	0,0
0,0	0,0	15,1	0,0	0,0	14,9	16,6	0,0	17,1	6,9
5,3	0,0	0,0	13,5	17,0	8,4	13,6	13,7	0,0	17,4
0,0	18,7	0,0	8,0	0,0	0,0	7,1	0,0	15,6	5,7
									
4,0	4,8	2,9	4,5	4,1	4,1	3,1	3,8	3,4	4,8
