16,6	0,0	13,2	9,2	0,0	0,0	0,0	0,0	0,0	10,4
10,3	7,1	0,0	5,6	5,2	0,0	0,0	7,0	0,0	0,0
0,0	0,0	11,8	0,0	18,7	15,8	0,0	0,0	15,5	0,0
12,9	0,0	6,3	0,0	0,0	0,0	18,5	0,0	0,0	0,0
0,0	15,1	0,0	5,4	10,4	0,0	0,0	6,2	0,0	0,0
0,0	20,0	12,2	0,0	20,0	6,4	0,0	0,0	15,1	0,0
0,0	19,0	0,0	13,7	0,0	0,0	9,0	0,0	0,0	7,1
19,0	0,0	5,4	0,0	0,0	0,0	0,0	0,0	0,0	17,0
0,0	6,8	0,0	15,6	14,6	0,0	0,0	13,3	0,0	0,0
0,0	0,0	6,1	0,0	0,0	14,0	19,1	0,0	0,0	7,9
0,0	11,3	0,0	0,0	15,2	0,0	14,8	0,0	16,8	9,6
7,6	0,0	13,4	0,0	19,9	0,0	17,9	14,9	14,9	0,0
0,0	7,2	0,0	0,0	0,0	5,4	0,0	16,8	17,5	13,6
12,0	12,8	8,2	0,0	0,0	7,1	0,0	10,7	15,9	0,0
8,8	0,0	6,8	0,0	12,7	19,9	13,1	8,1	0,0	0,0
0,0	5,8	0,0	12,2	0,0	8,4	0,0	5,5	0,0	0,0
9,9	0,0	10,1	7,4	11,4	0,0	0,0	16,9	0,0	0,0
0,0	0,0	5,3	0,0	0,0	8,5	18,3	0,0	10,1	9,4
6,6	0,0	0,0	15,0	17,6	5,4	10,3	16,8	0,0	15,6
0,0	5,3	0,0	8,2	0,0	0,0	9,7	0,0	11,5	8,0
									
3,1	4,5	2,8	4,2	2,9	3,4	3,0	4,2	4,9	4,2
