5,3	0,0	13,6	12,4	0,0	0,0	0,0	0,0	0,0	11,3
12,1	12,7	0,0	11,8	16,4	0,0	0,0	14,0	0,0	0,0
0,0	0,0	17,6	0,0	7,3	13,7	0,0	0,0	6,0	0,0
5,8	0,0	17,8	0,0	0,0	0,0	15,7	0,0	0,0	0,0
0,0	16,4	0,0	16,2	15,7	0,0	0,0	19,7	0,0	0,0
0,0	12,8	5,6	0,0	14,8	14,8	0,0	0,0	9,3	0,0
0,0	17,9	0,0	7,9	0,0	0,0	19,3	0,0	0,0	9,4
13,6	0,0	17,2	0,0	0,0	0,0	0,0	0,0	0,0	11,7
0,0	10,0	0,0	14,1	15,8	0,0	0,0	13,2	0,0	0,0
0,0	0,0	5,4	0,0	0,0	8,1	13,5	0,0	0,0	16,2
0,0	12,3	0,0	0,0	5,9	0,0	8,4	0,0	7,7	5,4
15,0	0,0	11,2	0,0	14,9	0,0	8,3	15,5	20,0	0,0
0,0	18,1	0,0	0,0	0,0	10,5	0,0	15,5	18,2	15,6
7,2	14,5	5,8	0,0	0,0	7,9	0,0	11,7	6,1	0,0
13,1	0,0	10,0	0,0	14,3	12,8	10,3	5,4	0,0	0,0
0,0	10,3	0,0	8,7	0,0	15,3	0,0	9,1	0,0	0,0
10,6	0,0	12,3	15,0	18,0	0,0	0,0	6,9	0,0	0,0
0,0	0,0	17,6	0,0	0,0	17,7	15,8	0,0	17,5	9,4
18,7	0,0	0,0	7,5	8,3	9,5	6,3	14,8	0,0	19,7
0,0	17,3	0,0	8,1	0,0	0,0	17,1	0,0	18,8	8,1
									
2,8	2,7	4,5	2,7	3,4	4,7	2,7	3,6	3,5	3,1
