6,2	0,0	14,6	7,6	0,0	0,0	0,0	0,0	0,0	18,5
18,5	15,4	0,0	18,7	12,2	0,0	0,0	17,5	0,0	0,0
0,0	0,0	11,9	0,0	20,0	17,9	0,0	0,0	5,2	0,0
12,6	0,0	9,2	0,0	0,0	0,0	8,2	0,0	0,0	0,0
0,0	10,5	0,0	12,5	6,5	0,0	0,0	15,7	0,0	0,0
0,0	19,4	13,4	0,0	19,5	15,2	0,0	0,0	11,7	0,0
0,0	9,7	0,0	17,1	0,0	0,0	17,5	0,0	0,0	16,4
13,8	0,0	16,7	0,0	0,0	0,0	0,0	0,0	0,0	15,8
0,0	13,4	0,0	11,3	6,8	0,0	0,0	19,4	0,0	0,0
0,0	0,0	12,4	0,0	0,0	7,2	19,6	0,0	0,0	16,4
0,0	10,1	0,0	0,0	8,5	0,0	19,0	0,0	18,7	13,0
6,2	0,0	14,7	0,0	12,5	0,0	8,6	17,5	17,4	0,0
0,0	14,0	0,0	0,0	0,0	10,0	0,0	18,5	13,0	15,9
7,1	7,2	11,0	0,0	0,0	7,1	0,0	6,5	12,7	0,0
10,8	0,0	6,9	0,0	18,9	8,8	18,8	15,5	0,0	0,0
0,0	16,4	0,0	7,5	0,0	12,3	0,0	12,0	0,0	0,0
5,6	0,0	16,6	9,9	14,1	0,0	0,0	12,0	0,0	0,0
0,0	0,0	19,3	0,0	0,0	9,8	9,4	0,0	12,3	10,4
19,0	0,0	0,0	15,3	9,4	6,5	13,8	18,1	0,0	14,6
0,0	12,4	0,0	18,2	0,0	0,0	19,7	0,0	13,2	13,5
									
4,0	3,2	5,0	3,1	3,4	3,8	3,8	4,6	3,1	4,7
