15,6	0,0	14,7	16,2	0,0	0,0	0,0	0,0	0,0	10,7
13,9	14,5	0,0	18,9	8,1	0,0	0,0	15,9	0,0	0,0
0,0	0,0	13,4	0,0	8,4	8,6	0,0	0,0	7,6	0,0
9,6	0,0	17,4	0,0	0,0	0,0	16,0	0,0	0,0	0,0
0,0	14,1	0,0	15,0	18,3	0,0	0,0	5,4	0,0	0,0
0,0	16,7	5,3	0,0	13,5	16,4	0,0	0,0	6,0	0,0
0,0	14,1	0,0	18,0	0,0	0,0	8,7	0,0	0,0	12,6
16,0	0,0	13,4	0,0	0,0	0,0	0,0	0,0	0,0	10,2
0,0	11,7	0,0	8,8	14,4	0,0	0,0	9,5	0,0	0,0
0,0	0,0	12,3	0,0	0,0	16,1	8,0	0,0	0,0	9,1
0,0	19,1	0,0	0,0	8,5	0,0	11,5	0,0	8,4	9,5
9,1	0,0	5,3	0,0	11,9	0,0	15,5	10,4	16,7	0,0
0,0	19,7	0,0	0,0	0,0	16,4	0,0	6,8	11,6	15,8
10,4	7,1	15,9	0,0	0,0	13,9	0,0	18,0	14,5	0,0
12,6	0,0	18,8	0,0	8,9	8,1	7,6	16,2	0,0	0,0
0,0	17,2	0,0	6,2	0,0	12,9	0,0	10,1	0,0	0,0
15,1	0,0	17,8	8,7	20,0	0,0	0,0	12,5	0,0	0,0
0,0	0,0	19,7	0,0	0,0	6,7	9,6	0,0	8,5	8,1
9,0	0,0	0,0	7,7	7,4	6,5	16,5	12,9	0,0	6,8
0,0	9,6	0,0	12,2	0,0	0,0	9,3	0,0	19,3	14,8
									
2,6	3,9	4,8	2,7	3,3	4,2	4,5	3,9	4,1	5,0
