14,7	0,0	12,7	15,2	0,0	0,0	0,0	0,0	0,0	17,0
11,4	9,1	0,0	12,5	14,9	0,0	0,0	11,5	0,0	0,0
0,0	0,0	17,4	0,0	15,4	6,4	0,0	0,0	12,0	0,0
15,5	0,0	5,7	0,0	0,0	0,0	6,5	0,0	0,0	0,0
0,0	5,8	0,0	19,3	12,7	0,0	0,0	9,6	0,0	0,0
0,0	10,0	9,3	0,0	8,3	19,1	0,0	0,0	8,8	0,0
0,0	17,0	0,0	8,3	0,0	0,0	8,2	0,0	0,0	17,9
6,6	0,0	17,0	0,0	0,0	0,0	0,0	0,0	0,0	5,4
0,0	9,2	0,0	6,0	19,8	0,0	0,0	18,3	0,0	0,0
0,0	0,0	19,2	0,0	0,0	9,6	5,8	0,0	0,0	14,0
0,0	6,5	0,0	0,0	14,6	0,0	5,2	0,0	8,3	8,2
16,2	0,0	5,9	0,0	7,7	0,0	9,0	17,5	7,8	0,0
0,0	12,7	0,0	0,0	0,0	7,9	0,0	14,7	14,8	6,6
15,7	17,2	14,5	0,0	0,0	15,9	0,0	17,7	18,6	0,0
15,9	0,0	8,1	0,0	5,8	18,8	14,8	13,3	0,0	0,0
0,0	9,8	0,0	6,6	0,0	17,5	0,0	16,2	0,0	0,0
5,7	0,0	6,2	8,8	11,2	0,0	0,0	15,6	0,0	0,0
0,0	0,0	10,2	0,0	0,0	10,9	11,8	0,0	13,1	19,0
15,4	0,0	0,0	18,4	11,0	11,2	10,0	15,5	0,0	13,8
0,0	16,0	0,0	15,2	0,0	0,0	14,9	0,0	5,2	14,8
									
4,2	3,8	4,1	4,5	3,7	4,9	4,8	3,4	3,4	4,7
