20,0	0,0	8,8	13,7	0,0	0,0	0,0	0,0	0,0	17,7
12,0	18,6	0,0	9,9	17,0	0,0	0,0	7,4	0,0	0,0
0,0	0,0	6,5	0,0	7,4	6,4	0,0	0,0	9,3	0,0
19,4	0,0	14,1	0,0	0,0	0,0	11,8	0,0	0,0	0,0
0,0	10,9	0,0	8,0	12,0	0,0	0,0	9,2	0,0	0,0
0,0	6,4	7,9	0,0	9,6	14,0	0,0	0,0	14,7	0,0
0,0	9,0	0,0	12,5	0,0	0,0	10,5	0,0	0,0	6,6
9,7	0,0	9,4	0,0	0,0	0,0	0,0	0,0	0,0	12,5
0,0	15,5	0,0	11,0	10,4	0,0	0,0	7,0	0,0	0,0
0,0	0,0	12,6	0,0	0,0	14,8	9,0	0,0	0,0	12,3
0,0	5,7	0,0	0,0	13,4	0,0	11,5	0,0	6,5	14,2
18,4	0,0	19,6	0,0	13,7	0,0	18,2	11,1	16,8	0,0
0,0	19,8	0,0	0,0	0,0	12,5	0,0	16,1	13,4	8,6
12,1	17,7	7,4	0,0	0,0	6,6	0,0	14,3	12,5	0,0
15,3	0,0	15,6	0,0	15,4	10,2	5,8	16,2	0,0	0,0
0,0	9,9	0,0	18,6	0,0	16,7	0,0	12,3	0,0	0,0
17,2	0,0	11,5	19,0	15,2	0,0	0,0	16,9	0,0	0,0
0,0	0,0	14,5	0,0	0,0	16,7	8,9	0,0	18,3	14,6
13,9	0,0	0,0	17,0	13,0	5,9	15,8	5,2	0,0	12,1
0,0	19,3	0,0	17,0	0,0	0,0	14,7	0,0	9,3	11,0
									
4,4	4,7	2,9	4,0	3,5	2,7	3,1	3,2	2,6	3,1
