12,5	0,0	6,6	13,7	0,0	0,0	0,0	0,0	0,0	10,3
12,8	17,6	0,0	6,2	12,7	0,0	0,0	13,0	0,0	0,0
0,0	0,0	10,6	0,0	13,3	18,9	0,0	0,0	10,4	0,0
8,5	0,0	7,0	0,0	0,0	0,0	16,0	0,0	0,0	0,0
0,0	17,5	0,0	14,9	5,7	0,0	0,0	19,6	0,0	0,0
0,0	13,8	19,6	0,0	14,4	19,0	0,0	0,0	9,3	0,0
0,0	9,1	0,0	6,9	0,0	0,0	8,3	0,0	0,0	11,3
10,5	0,0	13,2	0,0	0,0	0,0	0,0	0,0	0,0	15,6
0,0	17,8	0,0	18,0	13,4	0,0	0,0	19,6	0,0	0,0
0,0	0,0	12,7	0,0	0,0	16,7	13,4	0,0	0,0	8,6
0,0	8,9	0,0	0,0	7,7	0,0	15,0	0,0	6,3	11,1
13,5	0,0	18,3	0,0	7,5	0,0	18,4	11,4	7,2	0,0
0,0	9,5	0,0	0,0	0,0	10,9	0,0	13,3	19,3	7,8
5,4	13,6	12,0	0,0	0,0	13,8	0,0	17,6	12,0	0,0
14,0	0,0	16,5	0,0	17,3	16,5	8,1	12,3	0,0	0,0
0,0	13,6	0,0	8,6	0,0	10,5	0,0	12,5	0,0	0,0
6,9	0,0	10,5	10,5	16,5	0,0	0,0	12,9	0,0	0,0
0,0	0,0	16,5	0,0	0,0	13,4	17,3	0,0	13,0	18,5
9,8	0,0	0,0	17,1	6,1	9,5	10,1	7,7	0,0	9,3
0,0	14,2	0,0	13,4	0,0	0,0	10,4	0,0	17,7	9,0
									
4,1	2,6	3,4	2,7	3,9	3,7	4,0	3,7	3,8	2,9
