10,0	0,0	5,5	16,6	0,0	0,0	0,0	0,0	0,0	7,9
8,3	16,1	0,0	9,7	16,8	0,0	0,0	12,3	0,0	0,0
0,0	0,0	7,1	0,0	19,7	11,4	0,0	0,0	13,6	0,0
11,7	0,0	5,3	0,0	0,0	0,0	7,2	0,0	0,0	0,0
0,0	8,4	0,0	14,9	19,4	0,0	0,0	16,9	0,0	0,0
0,0	19,7	8,1	0,0	14,9	16,3	0,0	0,0	16,0	0,0
0,0	18,1	0,0	17,9	0,0	0,0	7,2	0,0	0,0	8,9
18,4	0,0	6,8	0,0	0,0	0,0	0,0	0,0	0,0	14,3
0,0	18,6	0,0	8,0	9,2	0,0	0,0	16,8	0,0	0,0
0,0	0,0	11,5	0,0	0,0	10,1	5,7	0,0	0,0	8,3
0,0	15,4	0,0	0,0	7,5	0,0	9,3	0,0	17,1	18,3
10,0	0,0	5,3	0,0	7,7	0,0	10,3	12,6	14,7	0,0
0,0	9,6	0,0	0,0	0,0	15,0	0,0	6,1	15,4	16,3
14,4	18,3	16,7	0,0	0,0	9,3	0,0	9,3	17,3	0,0
9,8	0,0	9,2	0,0	6,9	17,9	19,2	14,9	0,0	0,0
0,0	16,0	0,0	8,5	0,0	20,0	0,0	12,4	0,0	0,0
18,8	0,0	15,9	5,1	13,3	0,0	0,0	15,9	0,0	0,0
0,0	0,0	16,3	0,0	0,0	18,6	5,2	0,0	14,6	14,4
14,2	0,0	0,0	5,8	16,7	8,0	16,8	5,8	0,0	6,3
0,0	8,4	0,0	16,6	0,0	0,0	6,4	0,0	13,8	15,9
									
4,0	2,7	3,8	4,1	2,7	4,1	3,1	3,9	4,6	4,9
