5,3	0,0	10,7	10,3	0,0	0,0	0,0	0,0	0,0	17,2
6,8	5,9	0,0	5,9	6,9	0,0	0,0	12,1	0,0	0,0
0,0	0,0	18,3	0,0	12,4	12,0	0,0	0,0	10,1	0,0
7,5	0,0	13,5	0,0	0,0	0,0	6,0	0,0	0,0	0,0
0,0	8,5	0,0	7,3	19,5	0,0	0,0	7,6	0,0	0,0
0,0	11,4	8,0	0,0	10,0	8,5	0,0	0,0	6,1	0,0
0,0	9,9	0,0	16,8	0,0	0,0	5,1	0,0	0,0	18,7
15,1	0,0	15,4	0,0	0,0	0,0	0,0	0,0	0,0	10,3
0,0	13,3	0,0	13,1	17,3	0,0	0,0	19,1	0,0	0,0
0,0	0,0	8,3	0,0	0,0	17,7	8,9	0,0	0,0	12,9
0,0	11,1	0,0	0,0	14,8	0,0	7,1	0,0	9,2	5,4
7,1	0,0	12,3	0,0	18,6	0,0	14,6	5,6	9,9	0,0
0,0	12,3	0,0	0,0	0,0	15,1	0,0	18,3	8,6	6,4
8,3	10,1	10,5	0,0	0,0	13,0	0,0	19,5	13,4	0,0
18,8	0,0	15,8	0,0	5,3	19,9	19,2	17,4	0,0	0,0
0,0	14,5	0,0	9,4	0,0	6,6	0,0	14,4	0,0	0,0
15,1	0,0	10,0	17,4	8,6	0,0	0,0	15,9	0,0	0,0
0,0	0,0	12,6	0,0	0,0	15,4	11,3	0,0	18,8	13,8
7,1	0,0	0,0	11,9	15,2	6,0	14,7	9,1	0,0	13,0
0,0	13,3	0,0	19,8	0,0	0,0	6,2	0,0	12,4	18,6
									
3,6	4,1	4,5	5,0	4,8	3,1	4,7	3,4	4,7	4,9
