15,8	0,0	18,7	11,3	0,0	0,0	0,0	0,0	0,0	6,7
17,0	18,1	0,0	7,4	8,4	0,0	0,0	6,2	0,0	0,0
0,0	0,0	12,0	0,0	15,8	11,5	0,0	0,0	16,0	0,0
6,9	0,0	7,7	0,0	0,0	0,0	15,6	0,0	0,0	0,0
0,0	5,8	0,0	16,5	17,2	0,0	0,0	11,5	0,0	0,0
0,0	8,3	15,3	0,0	11,4	12,8	0,0	0,0	16,2	0,0
0,0	13,6	0,0	11,1	0,0	0,0	10,4	0,0	0,0	14,4
13,7	0,0	18,1	0,0	0,0	0,0	0,0	0,0	0,0	16,1
0,0	9,1	0,0	10,5	19,5	0,0	0,0	17,0	0,0	0,0
0,0	0,0	13,5	0,0	0,0	8,0	8,6	0,0	0,0	9,6
0,0	16,6	0,0	0,0	11,3	0,0	17,4	0,0	9,4	14,0
12,9	0,0	8,8	0,0	9,2	0,0	18,2	11,5	9,8	0,0
0,0	17,5	0,0	0,0	0,0	11,4	0,0	19,2	19,8	7,6
6,3	16,0	8,5	0,0	0,0	19,5	0,0	6,1	14,7	0,0
16,2	0,0	11,3	0,0	11,8	6,1	17,4	16,7	0,0	0,0
0,0	19,4	0,0	15,5	0,0	14,7	0,0	16,6	0,0	0,0
11,8	0,0	15,0	10,2	15,8	0,0	0,0	17,8	0,0	0,0
0,0	0,0	19,9	0,0	0,0	9,4	13,8	0,0	18,5	13,9
13,2	0,0	0,0	15,3	12,6	8,8	16,4	18,9	0,0	12,0
0,0	11,9	0,0	6,5	0,0	0,0	8,9	0,0	14,6	5,5
									
4,6	3,9	3,1	5,0	4,2	4,4	4,6	3,7	3,2	4,3
