18,6	0,0	15,0	11,6	0,0	0,0	0,0	0,0	0,0	17,4
8,5	9,2	0,0	16,3	6,5	0,0	0,0	15,2	0,0	0,0
0,0	0,0	11,2	0,0	5,1	11,1	0,0	0,0	12,9	0,0
5,2	0,0	11,8	0,0	0,0	0,0	9,1	0,0	0,0	0,0
0,0	8,2	0,0	8,4	8,9	0,0	0,0	12,6	0,0	0,0
0,0	19,7	9,6	0,0	17,1	9,3	0,0	0,0	10,5	0,0
0,0	19,6	0,0	7,1	0,0	0,0	15,3	0,0	0,0	16,4
16,8	0,0	19,0	0,0	0,0	0,0	0,0	0,0	0,0	13,6
0,0	13,6	0,0	7,5	11,8	0,0	0,0	15,9	0,0	0,0
0,0	0,0	10,3	0,0	0,0	10,6	16,9	0,0	0,0	19,4
0,0	17,5	0,0	0,0	18,2	0,0	13,4	0,0	7,6	17,8
18,2	0,0	11,2	0,0	5,5	0,0	13,3	10,2	17,3	0,0
0,0	17,0	0,0	0,0	0,0	15,4	0,0	11,6	17,4	12,1
6,6	19,5	18,4	0,0	0,0	11,3	0,0	12,8	19,9	0,0
12,8	0,0	12,9	0,0	5,2	17,1	11,7	18,1	0,0	0,0
0,0	9,3	0,0	9,9	0,0	9,6	0,0	16,5	0,0	0,0
17,2	0,0	16,3	17,5	16,2	0,0	0,0	10,8	0,0	0,0
0,0	0,0	19,5	0,0	0,0	18,5	10,4	0,0	5,9	12,7
8,7	0,0	0,0	13,4	12,3	19,9	16,8	5,8	0,0	15,0
0,0	8,6	0,0	17,9	0,0	0,0	14,1	0,0	10,7	10,9
									
4,9	5,0	4,1	4,8	3,2	4,0	4,6	3,9	3,5	3,4
