14,0	0,0	10,3	9,1	0,0	0,0	0,0	0,0	0,0	14,4
18,2	19,2	0,0	7,8	13,5	0,0	0,0	16,6	0,0	0,0
0,0	0,0	12,5	0,0	14,4	6,1	0,0	0,0	14,5	0,0
6,5	0,0	17,2	0,0	0,0	0,0	9,2	0,0	0,0	0,0
0,0	18,6	0,0	6,6	15,3	0,0	0,0	13,5	0,0	0,0
0,0	14,4	6,6	0,0	5,6	6,0	0,0	0,0	14,3	0,0
0,0	16,0	0,0	15,5	0,0	0,0	5,9	0,0	0,0	12,8
17,1	0,0	9,8	0,0	0,0	0,0	0,0	0,0	0,0	9,2
0,0	19,0	0,0	14,1	5,9	0,0	0,0	19,4	0,0	0,0
0,0	0,0	15,2	0,0	0,0	9,7	14,8	0,0	0,0	15,3
0,0	16,8	0,0	0,0	10,6	0,0	6,6	0,0	14,3	9,8
17,8	0,0	7,9	0,0	17,3	0,0	11,4	18,6	19,4	0,0
0,0	12,9	0,0	0,0	0,0	17,1	0,0	15,1	15,8	6,5
19,9	6,2	7,1	0,0	0,0	10,9	0,0	14,1	13,1	0,0
5,7	0,0	13,0	0,0	7,3	18,9	12,2	12,6	0,0	0,0
0,0	13,0	0,0	12,1	0,0	19,5	0,0	8,7	0,0	0,0
16,2	0,0	9,3	11,7	19,9	0,0	0,0	16,0	0,0	0,0
0,0	0,0	19,6	0,0	0,0	16,9	11,4	0,0	7,3	14,4
19,9	0,0	0,0	5,6	13,0	9,0	15,3	20,0	0,0	13,1
0,0	11,0	0,0	5,6	0,0	0,0	12,4	0,0	16,1	9,8
									
2,6	3,3	4,1	2,9	2,9	2,7	4,7	4,9	4,8	3,6
