7,1	0,0	14,9	6,7	0,0	0,0	0,0	0,0	0,0	18,7
10,4	18,7	0,0	8,1	10,5	0,0	0,0	9,7	0,0	0,0
0,0	0,0	7,3	0,0	7,0	9,6	0,0	0,0	14,3	0,0
11,9	0,0	7,8	0,0	0,0	0,0	15,1	0,0	0,0	0,0
0,0	14,2	0,0	17,7	13,4	0,0	0,0	10,3	0,0	0,0
0,0	16,8	18,5	0,0	14,7	12,8	0,0	0,0	17,3	0,0
0,0	19,2	0,0	11,8	0,0	0,0	15,2	0,0	0,0	8,0
9,8	0,0	14,0	0,0	0,0	0,0	0,0	0,0	0,0	12,4
0,0	17,1	0,0	14,0	5,5	0,0	0,0	15,7	0,0	0,0
0,0	0,0	12,9	0,0	0,0	18,2	13,7	0,0	0,0	8,1
0,0	9,8	0,0	0,0	6,2	0,0	16,8	0,0	17,9	17,2
9,7	0,0	18,9	0,0	19,7	0,0	12,7	7,6	12,4	0,0
0,0	19,1	0,0	0,0	0,0	19,6	0,0	8,3	17,0	17,4
13,0	6,4	8,4	0,0	0,0	16,0	0,0	15,2	7,6	0,0
5,7	0,0	18,3	0,0	8,3	19,4	5,3	13,8	0,0	0,0
0,0	10,3	0,0	7,1	0,0	12,9	0,0	10,4	0,0	0,0
12,5	0,0	6,1	18,9	16,6	0,0	0,0	6,0	0,0	0,0
0,0	0,0	14,3	0,0	0,0	7,8	17,2	0,0	15,5	11,0
15,4	0,0	0,0	14,4	14,2	8,9	12,3	19,4	0,0	18,5
0,0	16,6	0,0	5,2	0,0	0,0	8,5	0,0	14,7	13,4
									
4,1	2,6	2,9	4,1	3,8	5,0	3,9	2,8	4,9	3,4
