19,4	0,0	18,3	8,8	0,0	0,0	0,0	0,0	0,0	7,3
14,7	18,3	0,0	8,8	13,6	0,0	0,0	8,7	0,0	0,0
0,0	0,0	11,2	0,0	18,0	9,5	0,0	0,0	9,7	0,0
17,5	0,0	6,2	0,0	0,0	0,0	5,4	0,0	0,0	0,0
0,0	19,5	0,0	18,8	20,0	0,0	0,0	8,5	0,0	0,0
0,0	6,9	15,5	0,0	16,6	16,5	0,0	0,0	12,5	0,0
0,0	5,9	0,0	19,6	0,0	0,0	5,4	0,0	0,0	14,9
19,3	0,0	13,3	0,0	0,0	0,0	0,0	0,0	0,0	10,4
0,0	18,3	0,0	16,7	15,3	0,0	0,0	6,5	0,0	0,0
0,0	0,0	8,1	0,0	0,0	6,0	15,2	0,0	0,0	17,6
0,0	5,3	0,0	0,0	15,9	0,0	13,8	0,0	9,4	16,8
9,6	0,0	14,9	0,0	19,2	0,0	15,2	12,0	19,9	0,0
0,0	10,5	0,0	0,0	0,0	12,1	0,0	10,5	7,3	11,8
9,7	15,7	18,6	0,0	0,0	5,3	0,0	6,8	9,8	0,0
6,3	0,0	5,2	0,0	11,1	17,6	13,4	16,9	0,0	0,0
0,0	10,5	0,0	9,3	0,0	11,4	0,0	19,3	0,0	0,0
9,4	0,0	9,5	8,3	7,4	0,0	0,0	11,5	0,0	0,0
0,0	0,0	13,0	0,0	0,0	17,7	11,8	0,0	15,2	15,4
9,6	0,0	0,0	9,4	19,6	9,2	5,3	14,5	0,0	14,1
0,0	8,9	0,0	14,2	0,0	0,0	11,1	0,0	16,4	6,0
									
4,7	4,5	2,9	4,2	4,8	4,7	3,3	3,9	3,2	3,8
