5,7	0,0	11,7	8,3	0,0	0,0	0,0	0,0	0,0	11,3
14,2	15,6	0,0	7,3	12,8	0,0	0,0	7,9	0,0	0,0
0,0	0,0	13,1	0,0	11,7	10,8	0,0	0,0	6,6	0,0
9,5	0,0	14,9	0,0	0,0	0,0	11,4	0,0	0,0	0,0
0,0	18,3	0,0	14,4	16,2	0,0	0,0	18,2	0,0	0,0
0,0	11,2	10,0	0,0	10,2	8,0	0,0	0,0	19,0	0,0
0,0	7,7	0,0	9,8	0,0	0,0	17,5	0,0	0,0	13,1
18,1	0,0	5,9	0,0	0,0	0,0	0,0	0,0	0,0	13,3
0,0	17,5	0,0	8,6	16,2	0,0	0,0	7,4	0,0	0,0
0,0	0,0	17,5	0,0	0,0	9,2	8,9	0,0	0,0	9,8
0,0	8,6	0,0	0,0	11,7	0,0	19,0	0,0	7,1	14,0
8,1	0,0	7,3	0,0	14,1	0,0	7,2	5,4	19,7	0,0
0,0	9,3	0,0	0,0	0,0	19,1	0,0	11,8	14,4	17,9
11,9	7,5	8,0	0,0	0,0	11,6	0,0	16,0	9,2	0,0
16,2	0,0	17,3	0,0	7,6	5,7	10,6	6,7	0,0	0,0
0,0	10,4	0,0	18,2	0,0	7,9	0,0	8,5	0,0	0,0
10,9	0,0	13,8	12,9	15,8	0,0	0,0	8,9	0,0	0,0
0,0	0,0	8,0	0,0	0,0	16,7	9,8	0,0	6,6	17,7
18,2	0,0	0,0	8,4	15,9	19,3	12,8	10,0	0,0	11,7
0,0	7,6	0,0	19,3	0,0	0,0	19,6	0,0	14,0	17,7
									
4,3	4,1	3,8	2,6	2,7	3,9	3,6	4,7	3,8	3,8
