12,2	0,0	14,5	7,3	0,0	0,0	0,0	0,0	0,0	14,3
13,1	10,1	0,0	13,0	11,6	0,0	0,0	10,9	0,0	0,0
0,0	0,0	8,0	0,0	18,9	6,4	0,0	0,0	17,1	0,0
19,5	0,0	16,7	0,0	0,0	0,0	13,9	0,0	0,0	0,0
0,0	5,2	0,0	12,5	15,0	0,0	0,0	10,3	0,0	0,0
0,0	17,4	17,3	0,0	17,6	7,7	0,0	0,0	11,7	0,0
0,0	8,7	0,0	18,6	0,0	0,0	15,9	0,0	0,0	6,8
6,0	0,0	5,8	0,0	0,0	0,0	0,0	0,0	0,0	16,1
0,0	11,8	0,0	16,4	7,4	0,0	0,0	19,0	0,0	0,0
0,0	0,0	19,9	0,0	0,0	6,3	6,6	0,0	0,0	11,3
0,0	8,5	0,0	0,0	19,1	0,0	5,7	0,0	19,6	9,2
12,4	0,0	10,6	0,0	13,3	0,0	15,5	6,6	18,2	0,0
0,0	15,9	0,0	0,0	0,0	19,5	0,0	19,1	9,2	8,6
19,1	16,3	11,4	0,0	0,0	8,6	0,0	16,0	8,1	0,0
7,4	0,0	19,5	0,0	16,1	10,1	18,9	11,3	0,0	0,0
0,0	8,2	0,0	18,0	0,0	12,6	0,0	18,9	0,0	0,0
19,5	0,0	15,2	11,4	15,4	0,0	0,0	8,4	0,0	0,0
0,0	0,0	14,2	0,0	0,0	6,8	13,8	0,0	14,8	19,0
8,1	0,0	0,0	9,6	16,7	12,5	19,0	16,7	0,0	10,7
0,0	14,9	0,0	12,9	0,0	0,0	12,0	0,0	7,6	18,6
									
4,3	4,6	2,7	4,1	3,1	2,9	4,4	3,4	4,3	3,0
