18,0	0,0	14,1	19,4	0,0	0,0	0,0	0,0	0,0	9,0
15,1	5,6	0,0	13,5	8,5	0,0	0,0	18,7	0,0	0,0
0,0	0,0	10,4	0,0	8,9	8,7	0,0	0,0	14,6	0,0
12,6	0,0	14,1	0,0	0,0	0,0	5,1	0,0	0,0	0,0
0,0	13,6	0,0	11,2	6,6	0,0	0,0	17,8	0,0	0,0
0,0	10,8	17,4	0,0	13,1	9,7	0,0	0,0	12,5	0,0
0,0	12,8	0,0	8,6	0,0	0,0	13,7	0,0	0,0	10,4
8,1	0,0	6,6	0,0	0,0	0,0	0,0	0,0	0,0	17,8
0,0	20,0	0,0	8,2	19,3	0,0	0,0	7,4	0,0	0,0
0,0	0,0	13,6	0,0	0,0	17,2	12,4	0,0	0,0	6,4
0,0	18,2	0,0	0,0	9,5	0,0	14,9	0,0	14,6	17,3
9,3	0,0	14,8	0,0	16,9	0,0	6,5	5,5	19,5	0,0
0,0	11,9	0,0	0,0	0,0	13,0	0,0	9,9	9,0	15,8
14,9	19,0	8,5	0,0	0,0	15,4	0,0	19,6	12,8	0,0
5,6	0,0	12,4	0,0	8,2	15,9	18,6	6,0	0,0	0,0
0,0	7,1	0,0	15,8	0,0	11,6	0,0	10,8	0,0	0,0
6,7	0,0	15,1	14,1	12,8	0,0	0,0	10,8	0,0	0,0
0,0	0,0	9,7	0,0	0,0	11,9	11,3	0,0	5,1	13,0
12,9	0,0	0,0	7,4	17,4	6,6	16,2	14,4	0,0	14,7
0,0	6,1	0,0	9,7	0,0	0,0	7,2	0,0	13,2	7,3
									
4,2	3,5	2,7	2,8	3,6	4,6	3,2	2,8	4,1	5,0
