8,6	0,0	7,9	14,0	0,0	0,0	0,0	0,0	0,0	12,1
6,4	15,7	0,0	6,8	12,0	0,0	0,0	8,6	0,0	0,0
0,0	0,0	12,3	0,0	7,6	11,4	0,0	0,0	18,7	0,0
9,9	0,0	8,6	0,0	0,0	0,0	6,3	0,0	0,0	0,0
0,0	10,0	0,0	6,0	11,1	0,0	0,0	17,1	0,0	0,0
0,0	6,9	5,3	0,0	19,4	17,1	0,0	0,0	19,2	0,0
0,0	18,9	0,0	19,7	0,0	0,0	5,2	0,0	0,0	8,5
6,4	0,0	17,2	0,0	0,0	0,0	0,0	0,0	0,0	18,6
0,0	10,4	0,0	18,9	19,0	0,0	0,0	15,5	0,0	0,0
0,0	0,0	15,9	0,0	0,0	12,7	9,2	0,0	0,0	7,5
0,0	11,4	0,0	0,0	7,0	0,0	15,4	0,0	15,5	15,4
14,5	0,0	5,2	0,0	10,7	0,0	12,1	6,0	5,7	0,0
0,0	17,1	0,0	0,0	0,0	6,1	0,0	15,8	7,4	15,9
12,4	7,0	14,4	0,0	0,0	14,8	0,0	17,5	17,4	0,0
11,4	0,0	17,0	0,0	5,8	14,6	17,4	10,9	0,0	0,0
0,0	6,0	0,0	19,5	0,0	5,3	0,0	8,2	0,0	0,0
5,2	0,0	7,0	5,2	13,5	0,0	0,0	19,9	0,0	0,0
0,0	0,0	15,7	0,0	0,0	6,3	16,4	0,0	14,3	9,7
8,6	0,0	0,0	9,3	13,7	11,6	7,3	16,2	0,0	14,6
0,0	13,7	0,0	6,0	0,0	0,0	15,2	0,0	16,0	7,3
									
4,5	3,7	2,8	3,8	3,9	3,9	4,6	4,1	4,0	4,4
