17,5	0,0	19,8	14,1	0,0	0,0	0,0	0,0	0,0	12,6
18,1	13,3	0,0	9,1	10,4	0,0	0,0	14,4	0,0	0,0
0,0	0,0	6,7	0,0	13,3	13,7	0,0	0,0	8,1	0,0
5,3	0,0	12,3	0,0	0,0	0,0	7,4	0,0	0,0	0,0
0,0	14,4	0,0	15,4	15,4	0,0	0,0	10,0	0,0	0,0
0,0	14,3	17,9	0,0	15,0	11,9	0,0	0,0	19,6	0,0
0,0	16,0	0,0	19,7	0,0	0,0	10,9	0,0	0,0	12,6
13,2	0,0	14,8	0,0	0,0	0,0	0,0	0,0	0,0	19,1
0,0	11,1	0,0	16,8	10,7	0,0	0,0	13,2	0,0	0,0
0,0	0,0	17,6	0,0	0,0	7,5	19,1	0,0	0,0	14,3
0,0	18,6	0,0	0,0	16,5	0,0	18,5	0,0	13,6	9,2
17,9	0,0	17,7	0,0	9,8	0,0	7,5	9,0	15,7	0,0
0,0	10,5	0,0	0,0	0,0	20,0	0,0	5,6	8,8	7,0
7,8	15,6	17,7	0,0	0,0	15,1	0,0	19,6	12,0	0,0
12,9	0,0	6,7	0,0	7,9	15,2	19,3	6,3	0,0	0,0
0,0	5,6	0,0	10,1	0,0	5,2	0,0	14,0	0,0	0,0
5,9	0,0	5,2	18,8	7,0	0,0	0,0	18,8	0,0	0,0
0,0	0,0	12,8	0,0	0,0	13,6	7,3	0,0	13,4	12,5
14,2	0,0	0,0	14,3	16,1	12,9	5,6	6,6	0,0	12,8
0,0	17,3	0,0	10,7	0,0	0,0	17,2	0,0	11,2	7,1
									
3,5	4,0	4,9	3,8	3,3	4,9	2,9	4,9	3,1	3,5
