11,9	0,0	19,4	14,6	0,0	0,0	0,0	0,0	0,0	13,4
11,1	14,3	0,0	18,4	18,0	0,0	0,0	16,8	0,0	0,0
0,0	0,0	17,0	0,0	5,4	14,3	0,0	0,0	11,3	0,0
19,5	0,0	19,2	0,0	0,0	0,0	12,6	0,0	0,0	0,0
0,0	17,6	0,0	8,7	6,7	0,0	0,0	17,0	0,0	0,0
0,0	8,3	10,3	0,0	17,9	9,2	0,0	0,0	12,3	0,0
0,0	7,1	0,0	18,5	0,0	0,0	17,4	0,0	0,0	13,9
6,0	0,0	10,6	0,0	0,0	0,0	0,0	0,0	0,0	10,6
0,0	15,4	0,0	19,1	13,6	0,0	0,0	17,0	0,0	0,0
0,0	0,0	17,0	0,0	0,0	19,3	17,0	0,0	0,0	6,5
0,0	7,5	0,0	0,0	5,4	0,0	6,4	0,0	16,9	5,7
10,4	0,0	12,0	0,0	16,6	0,0	16,2	6,8	8,7	0,0
0,0	6,9	0,0	0,0	0,0	17,2	0,0	11,9	12,9	6,4
7,0	6,1	7,6	0,0	0,0	12,1	0,0	18,8	12,6	0,0
14,0	0,0	5,9	0,0	6,7	7,6	16,4	12,5	0,0	0,0
0,0	19,2	0,0	18,7	0,0	13,0	0,0	8,4	0,0	0,0
17,0	0,0	14,0	8,9	13,9	0,0	0,0	13,2	0,0	0,0
0,0	0,0	6,2	0,0	0,0	19,3	18,6	0,0	15,3	6,5
11,8	0,0	0,0	13,7	7,4	15,8	10,3	16,1	0,0	5,6
0,0	13,7	0,0	16,5	0,0	0,0	13,7	0,0	18,5	8,3
									
2,6	4,9	3,5	3,5	3,4	2,7	3,5	2,8	3,1	5,0
