5,8	0,0	6,1	17,9	0,0	0,0	0,0	0,0	0,0	6,6
7,3	13,9	0,0	18,3	12,8	0,0	0,0	17,8	0,0	0,0
0,0	0,0	5,3	0,0	13,7	10,5	0,0	0,0	14,8	0,0
5,4	0,0	9,6	0,0	0,0	0,0	7,6	0,0	0,0	0,0
0,0	13,4	0,0	17,8	11,3	0,0	0,0	17,1	0,0	0,0
0,0	10,4	15,1	0,0	17,6	15,9	0,0	0,0	17,7	0,0
0,0	15,2	0,0	15,6	0,0	0,0	5,1	0,0	0,0	19,2
10,5	0,0	9,8	0,0	0,0	0,0	0,0	0,0	0,0	6,4
0,0	5,3	0,0	6,7	13,4	0,0	0,0	19,0	0,0	0,0
0,0	0,0	15,6	0,0	0,0	6,4	7,2	0,0	0,0	14,8
0,0	10,8	0,0	0,0	5,2	0,0	9,1	0,0	7,6	19,0
10,7	0,0	17,9	0,0	16,6	0,0	13,8	16,9	12,8	0,0
0,0	19,6	0,0	0,0	0,0	8,8	0,0	17,6	10,1	10,3
8,0	18,9	7,5	0,0	0,0	15,5	0,0	18,2	7,7	0,0
19,7	0,0	7,6	0,0	5,6	18,8	10,4	8,5	0,0	0,0
0,0	17,8	0,0	17,4	0,0	9,3	0,0	7,3	0,0	0,0
17,9	0,0	10,4	9,8	13,2	0,0	0,0	9,2	0,0	0,0
0,0	0,0	15,1	0,0	0,0	11,3	18,9	0,0	16,9	18,1
17,7	0,0	0,0	16,7	18,9	17,5	14,0	19,5	0,0	20,0
0,0	10,6	0,0	19,6	0,0	0,0	8,2	0,0	5,4	16,6
									
2,8	3,7	4,0	3,4	4,8	3,4	3,1	4,4	3,2	2,6
