14,7	0,0	11,4	7,8	0,0	0,0	0,0	0,0	0,0	10,6
13,6	10,2	0,0	5,2	10,2	0,0	0,0	9,8	0,0	0,0
0,0	0,0	18,9	0,0	7,2	13,5	0,0	0,0	9,5	0,0
8,0	0,0	16,1	0,0	0,0	0,0	15,1	0,0	0,0	0,0
0,0	14,8	0,0	8,0	19,7	0,0	0,0	5,7	0,0	0,0
0,0	16,3	13,0	0,0	12,0	10,8	0,0	0,0	13,4	0,0
0,0	9,6	0,0	8,3	0,0	0,0	18,9	0,0	0,0	13,2
7,4	0,0	17,9	0,0	0,0	0,0	0,0	0,0	0,0	17,5
0,0	10,2	0,0	14,6	11,1	0,0	0,0	16,0	0,0	0,0
0,0	0,0	5,5	0,0	0,0	19,3	11,7	0,0	0,0	17,8
0,0	9,3	0,0	0,0	15,2	0,0	19,3	0,0	8,5	9,7
19,5	0,0	13,0	0,0	11,7	0,0	19,4	10,3	18,4	0,0
0,0	7,5	0,0	0,0	0,0	12,1	0,0	17,4	9,4	12,3
16,3	14,0	15,4	0,0	0,0	15,4	0,0	11,8	14,9	0,0
14,2	0,0	16,3	0,0	18,3	12,2	5,6	15,4	0,0	0,0
0,0	9,3	0,0	5,4	0,0	14,2	0,0	12,0	0,0	0,0
17,8	0,0	5,2	12,1	17,4	0,0	0,0	19,5	0,0	0,0
0,0	0,0	8,2	0,0	0,0	16,3	6,1	0,0	14,0	16,6
10,9	0,0	0,0	15,8	15,7	7,6	8,9	18,6	0,0	12,6
0,0	10,9	0,0	13,8	0,0	0,0	18,4	0,0	19,8	12,5
									
4,6	3,6	3,1	4,5	3,0	4,4	2,7	3,4	2,8	2,6
