6,7	0,0	9,6	7,3	0,0	0,0	0,0	0,0	0,0	6,7
14,5	7,7	0,0	8,6	14,4	0,0	0,0	5,1	0,0	0,0
0,0	0,0	15,8	0,0	7,1	16,9	0,0	0,0	8,6	0,0
18,3	0,0	13,6	0,0	0,0	0,0	15,9	0,0	0,0	0,0
0,0	5,6	0,0	12,4	16,3	0,0	0,0	7,0	0,0	0,0
0,0	10,9	15,0	0,0	9,9	5,9	0,0	0,0	13,9	0,0
0,0	13,5	0,0	16,4	0,0	0,0	15,8	0,0	0,0	8,3
15,6	0,0	18,9	0,0	0,0	0,0	0,0	0,0	0,0	5,4
0,0	10,9	0,0	13,6	5,2	0,0	0,0	13,5	0,0	0,0
0,0	0,0	9,1	0,0	0,0	8,5	19,2	0,0	0,0	18,5
0,0	8,1	0,0	0,0	7,3	0,0	15,9	0,0	17,8	14,9
11,5	0,0	7,6	0,0	12,7	0,0	13,1	19,9	5,3	0,0
0,0	14,2	0,0	0,0	0,0	14,0	0,0	10,5	9,1	8,5
19,9	6,9	6,2	0,0	0,0	6,4	0,0	12,9	17,3	0,0
10,6	0,0	16,0	0,0	14,3	8,9	18,0	9,2	0,0	0,0
0,0	12,6	0,0	17,1	0,0	16,9	0,0	6,3	0,0	0,0
8,1	0,0	6,9	12,1	7,4	0,0	0,0	16,9	0,0	0,0
0,0	0,0	5,9	0,0	0,0	17,8	12,0	0,0	6,9	10,0
6,9	0,0	0,0	7,3	13,0	15,1	9,7	15,9	0,0	18,4
0,0	9,7	0,0	9,2	0,0	0,0	13,5	0,0	9,3	6,0
									
4,2	3,3	4,3	2,8	2,6	3,0	3,2	4,7	3,9	4,8
