17,7	0,0	15,0	12,9	0,0	0,0	0,0	0,0	0,0	14,5
16,2	8,8	0,0	16,4	15,8	0,0	0,0	13,5	0,0	0,0
0,0	0,0	10,5	0,0	19,0	5,9	0,0	0,0	18,9	0,0
15,3	0,0	15,6	0,0	0,0	0,0	12,6	0,0	0,0	0,0
0,0	6,2	0,0	5,4	17,9	0,0	0,0	11,5	0,0	0,0
0,0	15,8	15,7	0,0	7,2	9,7	0,0	0,0	9,2	0,0
0,0	12,0	0,0	15,7	0,0	0,0	11,0	0,0	0,0	9,3
15,9	0,0	9,3	0,0	0,0	0,0	0,0	0,0	0,0	18,1
0,0	10,0	0,0	16,0	10,6	0,0	0,0	6,5	0,0	0,0
0,0	0,0	19,8	0,0	0,0	6,4	8,0	0,0	0,0	15,9
0,0	7,2	0,0	0,0	13,3	0,0	18,9	0,0	10,1	15,0
5,4	0,0	12,2	0,0	6,0	0,0	15,6	8,7	16,9	0,0
0,0	12,0	0,0	0,0	0,0	8,8	0,0	6,5	17,0	17,3
14,6	6,3	19,4	0,0	0,0	11,6	0,0	11,3	10,0	0,0
19,0	0,0	6,9	0,0	12,4	16,1	8,8	17,9	0,0	0,0
0,0	14,4	0,0	16,9	0,0	16,0	0,0	8,6	0,0	0,0
18,7	0,0	19,2	7,5	20,0	0,0	0,0	14,5	0,0	0,0
0,0	0,0	15,7	0,0	0,0	19,1	6,1	0,0	8,0	6,0
19,5	0,0	0,0	10,2	13,2	9,1	13,0	14,8	0,0	8,2
0,0	17,1	0,0	14,7	0,0	0,0	19,4	0,0	7,0	5,8
									
3,8	3,7	4,7	3,0	4,1	4,6	4,1	4,3	2,9	3,3
