14,5	0,0	11,3	8,3	0,0	0,0	0,0	0,0	0,0	10,5
9,2	14,8	0,0	7,5	18,6	0,0	0,0	17,7	0,0	0,0
0,0	0,0	19,7	0,0	14,3	9,7	0,0	0,0	16,1	0,0
17,5	0,0	5,5	0,0	0,0	0,0	18,7	0,0	0,0	0,0
0,0	7,2	0,0	19,4	12,5	0,0	0,0	5,4	0,0	0,0
0,0	7,4	17,0	0,0	14,6	17,9	0,0	0,0	7,5	0,0
0,0	18,7	0,0	14,1	0,0	0,0	13,9	0,0	0,0	14,4
7,9	0,0	16,8	0,0	0,0	0,0	0,0	0,0	0,0	8,6
0,0	9,6	0,0	10,2	19,7	0,0	0,0	18,0	0,0	0,0
0,0	0,0	15,5	0,0	0,0	11,9	8,4	0,0	0,0	12,2
0,0	6,4	0,0	0,0	13,6	0,0	12,9	0,0	18,1	12,6
5,5	0,0	9,3	0,0	12,9	0,0	15,3	12,7	8,6	0,0
0,0	6,4	0,0	0,0	0,0	16,4	0,0	17,1	9,4	16,7
7,1	8,5	10,0	0,0	0,0	17,8	0,0	13,6	11,3	0,0
16,2	0,0	17,6	0,0	13,6	18,8	18,7	19,2	0,0	0,0
0,0	8,6	0,0	14,1	0,0	19,1	0,0	5,7	0,0	0,0
18,4	0,0	19,6	17,8	6,2	0,0	0,0	18,9	0,0	0,0
0,0	0,0	13,9	0,0	0,0	12,1	14,4	0,0	12,7	12,0
7,3	0,0	0,0	15,3	14,1	10,1	16,3	10,9	0,0	7,9
0,0	7,7	0,0	11,4	0,0	0,0	9,5	0,0	8,3	9,3
									
3,2	3,6	2,7	3,0	3,7	4,3	2,7	4,9	2,6	2,8
