17,3	0,0	12,0	9,6	0,0	0,0	0,0	0,0	0,0	12,1
17,3	6,9	0,0	20,0	18,0	0,0	0,0	11,5	0,0	0,0
0,0	0,0	13,6	0,0	13,0	12,7	0,0	0,0	10,4	0,0
16,8	0,0	7,6	0,0	0,0	0,0	18,4	0,0	0,0	0,0
0,0	12,7	0,0	16,1	7,2	0,0	0,0	14,4	0,0	0,0
0,0	17,1	18,8	0,0	18,8	7,7	0,0	0,0	13,1	0,0
0,0	8,1	0,0	18,7	0,0	0,0	9,4	0,0	0,0	17,8
7,3	0,0	10,9	0,0	0,0	0,0	0,0	0,0	0,0	14,6
0,0	9,1	0,0	18,2	5,3	0,0	0,0	10,7	0,0	0,0
0,0	0,0	9,8	0,0	0,0	7,2	15,4	0,0	0,0	16,6
0,0	14,0	0,0	0,0	6,3	0,0	6,9	0,0	15,6	12,8
8,3	0,0	18,4	0,0	16,0	0,0	7,7	10,6	7,6	0,0
0,0	5,1	0,0	0,0	0,0	10,1	0,0	15,2	10,0	11,9
15,1	8,8	13,5	0,0	0,0	9,4	0,0	14,1	18,3	0,0
9,7	0,0	5,9	0,0	18,6	9,2	11,5	14,0	0,0	0,0
0,0	19,9	0,0	10,4	0,0	19,3	0,0	19,0	0,0	0,0
7,4	0,0	5,5	14,4	11,1	0,0	0,0	6,1	0,0	0,0
0,0	0,0	5,7	0,0	0,0	14,5	15,9	0,0	5,5	10,3
19,4	0,0	0,0	15,9	9,3	18,9	6,7	11,7	0,0	7,6
0,0	8,2	0,0	6,5	0,0	0,0	5,1	0,0	14,6	5,1
									
4,2	2,8	3,5	4,0	2,9	3,8	2,6	3,2	3,1	4,1
