16,8	0,0	6,3	10,2	0,0	0,0	0,0	0,0	0,0	13,4
19,3	7,6	0,0	17,0	6,8	0,0	0,0	11,2	0,0	0,0
0,0	0,0	18,7	0,0	19,6	16,0	0,0	0,0	5,7	0,0
10,2	0,0	6,2	0,0	0,0	0,0	11,6	0,0	0,0	0,0
0,0	7,9	0,0	13,7	6,6	0,0	0,0	10,7	0,0	0,0
0,0	13,2	12,3	0,0	17,8	6,2	0,0	0,0	11,1	0,0
0,0	9,6	0,0	16,0	0,0	0,0	15,1	0,0	0,0	12,0
18,8	0,0	13,6	0,0	0,0	0,0	0,0	0,0	0,0	11,4
0,0	5,3	0,0	18,6	14,0	0,0	0,0	17,2	0,0	0,0
0,0	0,0	11,8	0,0	0,0	6,2	20,0	0,0	0,0	17,9
0,0	6,1	0,0	0,0	14,5	0,0	18,6	0,0	11,4	12,5
19,9	0,0	12,0	0,0	8,2	0,0	9,3	17,1	15,4	0,0
0,0	18,0	0,0	0,0	0,0	17,1	0,0	10,6	5,1	16,2
9,9	13,6	8,5	0,0	0,0	20,0	0,0	17,0	16,3	0,0
11,4	0,0	18,0	0,0	12,0	11,4	9,6	12,5	0,0	0,0
0,0	12,2	0,0	8,6	0,0	6,6	0,0	17,1	0,0	0,0
12,0	0,0	18,9	16,1	12,2	0,0	0,0	18,7	0,0	0,0
0,0	0,0	9,0	0,0	0,0	17,8	8,4	0,0	12,5	12,4
9,9	0,0	0,0	14,8	12,4	15,0	6,4	6,6	0,0	18,9
0,0	12,2	0,0	7,5	0,0	0,0	14,1	0,0	8,8	5,4
									
4,1	4,1	3,9	3,2	4,5	3,7	4,5	3,2	3,2	3,9
