9,5	0,0	12,8	16,8	0,0	0,0	0,0	0,0	0,0	7,1
19,2	6,2	0,0	13,2	18,5	0,0	0,0	19,5	0,0	0,0
0,0	0,0	19,0	0,0	12,9	14,4	0,0	0,0	13,9	0,0
7,2	0,0	8,6	0,0	0,0	0,0	18,8	0,0	0,0	0,0
0,0	18,2	0,0	11,9	16,3	0,0	0,0	5,7	0,0	0,0
0,0	11,8	6,8	0,0	5,1	8,0	0,0	0,0	14,7	0,0
0,0	12,4	0,0	17,1	0,0	0,0	7,6	0,0	0,0	8,1
7,7	0,0	10,1	0,0	0,0	0,0	0,0	0,0	0,0	15,3
0,0	13,6	0,0	17,1	8,8	0,0	0,0	19,6	0,0	0,0
0,0	0,0	17,8	0,0	0,0	8,5	10,4	0,0	0,0	14,3
0,0	10,1	0,0	0,0	5,7	0,0	14,9	0,0	18,1	5,6
11,5	0,0	5,9	0,0	18,6	0,0	18,4	7,4	14,3	0,0
0,0	18,5	0,0	0,0	0,0	10,3	0,0	18,9	13,4	9,5
13,6	15,4	5,7	0,0	0,0	17,3	0,0	8,3	10,7	0,0
10,0	0,0	13,0	0,0	17,3	10,8	17,0	18,8	0,0	0,0
0,0	7,4	0,0	6,9	0,0	18,9	0,0	16,9	0,0	0,0
10,8	0,0	18,4	6,5	18,0	0,0	0,0	9,9	0,0	0,0
0,0	0,0	10,2	0,0	0,0	17,8	6,5	0,0	15,6	16,5
19,9	0,0	0,0	10,2	6,9	10,4	18,1	17,3	0,0	8,4
0,0	17,8	0,0	12,0	0,0	0,0	14,9	0,0	6,3	18,5
									
4,2	3,6	2,6	3,3	3,3	3,2	3,0	3,4	3,9	3,7
