12,7	0,0	15,0	18,1	0,0	0,0	0,0	0,0	0,0	19,9
5,5	5,6	0,0	16,6	7,8	0,0	0,0	5,8	0,0	0,0
0,0	0,0	15,3	0,0	13,7	6,7	0,0	0,0	18,3	0,0
5,9	0,0	8,6	0,0	0,0	0,0	15,9	0,0	0,0	0,0
0,0	17,2	0,0	19,4	7,7	0,0	0,0	16,6	0,0	0,0
0,0	18,9	6,6	0,0	15,1	9,9	0,0	0,0	13,9	0,0
0,0	7,5	0,0	17,0	0,0	0,0	15,7	0,0	0,0	5,8
12,4	0,0	7,7	0,0	0,0	0,0	0,0	0,0	0,0	18,4
0,0	12,8	0,0	11,8	12,8	0,0	0,0	13,6	0,0	0,0
0,0	0,0	7,1	0,0	0,0	11,9	5,8	0,0	0,0	7,8
0,0	5,4	0,0	0,0	7,6	0,0	8,4	0,0	10,5	19,7
14,9	0,0	16,8	0,0	15,1	0,0	18,5	15,7	12,0	0,0
0,0	15,1	0,0	0,0	0,0	7,4	0,0	11,2	8,3	14,0
12,2	17,4	7,2	0,0	0,0	7,7	0,0	11,3	12,3	0,0
5,7	0,0	5,9	0,0	18,2	18,0	13,7	12,2	0,0	0,0
0,0	8,5	0,0	11,3	0,0	12,9	0,0	18,9	0,0	0,0
6,9	0,0	7,1	15,5	17,3	0,0	0,0	5,3	0,0	0,0
0,0	0,0	18,3	0,0	0,0	10,2	10,4	0,0	17,8	7,4
13,3	0,0	0,0	7,6	11,3	7,5	8,0	6,0	0,0	18,9
0,0	8,4	0,0	12,8	0,0	0,0	12,7	0,0	15,9	17,1
									
4,1	3,5	5,0	3,4	3,8	3,9	3,6	4,6	3,8	3,3
