13,2	0,0	10,1	7,3	0,0	0,0	0,0	0,0	0,0	15,7
8,2	16,1	0,0	13,0	16,1	0,0	0,0	15,0	0,0	0,0
0,0	0,0	5,5	0,0	13,9	12,3	0,0	0,0	15,8	0,0
16,2	0,0	6,6	0,0	0,0	0,0	18,1	0,0	0,0	0,0
0,0	13,8	0,0	15,0	10,9	0,0	0,0	5,3	0,0	0,0
0,0	11,5	13,5	0,0	19,3	15,7	0,0	0,0	6,9	0,0
0,0	19,4	0,0	11,3	0,0	0,0	16,3	0,0	0,0	13,7
8,3	0,0	16,2	0,0	0,0	0,0	0,0	0,0	0,0	18,6
0,0	16,7	0,0	10,6	15,0	0,0	0,0	11,1	0,0	0,0
0,0	0,0	19,8	0,0	0,0	6,8	12,4	0,0	0,0	7,3
0,0	16,0	0,0	0,0	14,8	0,0	17,2	0,0	9,4	13,7
18,0	0,0	7,6	0,0	10,8	0,0	8,7	11,1	13,5	0,0
0,0	8,5	0,0	0,0	0,0	19,9	0,0	12,3	12,1	7,1
12,1	6,5	19,3	0,0	0,0	13,9	0,0	8,3	5,3	0,0
14,4	0,0	8,7	0,0	15,2	5,8	19,1	10,9	0,0	0,0
0,0	18,4	0,0	12,2	0,0	14,5	0,0	10,1	0,0	0,0
7,3	0,0	10,1	6,3	19,7	0,0	0,0	12,3	0,0	0,0
0,0	0,0	12,0	0,0	0,0	16,2	15,0	0,0	18,1	14,8
10,4	0,0	0,0	16,0	5,9	17,4	12,6	18,5	0,0	15,5
0,0	14,6	0,0	11,9	0,0	0,0	17,7	0,0	15,5	11,8
									
3,4	3,3	3,6	4,8	4,3	4,5	5,0	3,6	2,9	4,2
