16,3	0,0	5,7	17,8	0,0	0,0	0,0	0,0	0,0	6,2
17,3	13,8	0,0	5,2	9,8	0,0	0,0	19,2	0,0	0,0
0,0	0,0	8,6	0,0	15,9	11,7	0,0	0,0	17,6	0,0
6,1	0,0	16,5	0,0	0,0	0,0	5,3	0,0	0,0	0,0
0,0	6,4	0,0	16,4	14,4	0,0	0,0	18,5	0,0	0,0
0,0	8,0	12,5	0,0	11,7	15,8	0,0	0,0	15,3	0,0
0,0	17,4	0,0	13,8	0,0	0,0	15,8	0,0	0,0	5,4
11,7	0,0	5,5	0,0	0,0	0,0	0,0	0,0	0,0	18,7
0,0	10,5	0,0	17,9	12,2	0,0	0,0	20,0	0,0	0,0
0,0	0,0	14,0	0,0	0,0	15,4	17,7	0,0	0,0	10,2
0,0	18,9	0,0	0,0	10,4	0,0	6,6	0,0	10,4	8,8
8,1	0,0	12,1	0,0	14,7	0,0	10,2	14,0	12,2	0,0
0,0	14,2	0,0	0,0	0,0	11,5	0,0	14,3	13,3	10,0
17,8	8,1	19,6	0,0	0,0	13,6	0,0	16,2	14,9	0,0
17,8	0,0	8,2	0,0	6,9	6,4	15,6	15,2	0,0	0,0
0,0	10,0	0,0	18,2	0,0	9,4	0,0	9,0	0,0	0,0
14,4	0,0	6,5	6,3	10,7	0,0	0,0	15,6	0,0	0,0
0,0	0,0	10,5	0,0	0,0	12,3	15,4	0,0	12,8	20,0
8,0	0,0	0,0	11,7	16,5	8,4	5,7	17,9	0,0	6,2
0,0	9,7	0,0	10,4	0,0	0,0	16,0	0,0	18,0	15,9
									
3,9	4,1	3,7	3,8	2,7	4,0	2,9	2,6	3,5	3,4
