11,1	0,0	14,0	18,4	0,0	0,0	0,0	0,0	0,0	13,1
19,7	8,1	0,0	17,2	12,3	0,0	0,0	18,4	0,0	0,0
0,0	0,0	17,9	0,0	13,8	11,5	0,0	0,0	16,4	0,0
5,6	0,0	5,7	0,0	0,0	0,0	17,5	0,0	0,0	0,0
0,0	15,8	0,0	14,3	15,2	0,0	0,0	15,1	0,0	0,0
0,0	15,9	18,4	0,0	19,0	16,7	0,0	0,0	20,0	0,0
0,0	17,8	0,0	17,3	0,0	0,0	16,0	0,0	0,0	12,5
16,2	0,0	18,1	0,0	0,0	0,0	0,0	0,0	0,0	18,3
0,0	15,6	0,0	11,8	14,6	0,0	0,0	12,4	0,0	0,0
0,0	0,0	18,4	0,0	0,0	13,9	17,2	0,0	0,0	18,0
0,0	14,3	0,0	0,0	16,3	0,0	17,0	0,0	17,0	19,7
19,6	0,0	15,4	0,0	5,8	0,0	5,1	10,2	14,7	0,0
0,0	13,2	0,0	0,0	0,0	13,6	0,0	5,6	12,8	14,3
14,0	8,1	16,4	0,0	0,0	17,0	0,0	13,7	10,3	0,0
5,5	0,0	17,3	0,0	10,3	11,7	14,0	17,0	0,0	0,0
0,0	17,7	0,0	11,4	0,0	6,6	0,0	6,0	0,0	0,0
14,9	0,0	17,2	14,8	19,2	0,0	0,0	19,6	0,0	0,0
0,0	0,0	12,8	0,0	0,0	10,4	19,2	0,0	5,3	19,5
10,0	0,0	0,0	15,3	15,3	18,1	11,3	5,9	0,0	8,7
0,0	19,4	0,0	11,7	0,0	0,0	11,3	0,0	16,1	14,8
									
5,0	4,7	4,8	4,0	3,1	3,1	3,7	2,8	3,5	4,3
