14,4	0,0	9,2	6,4	0,0	0,0	0,0	0,0	0,0	7,8
7,6	19,0	0,0	13,1	14,1	0,0	0,0	17,2	0,0	0,0
0,0	0,0	19,1	0,0	5,8	9,8	0,0	0,0	13,2	0,0
8,3	0,0	9,6	0,0	0,0	0,0	8,6	0,0	0,0	0,0
0,0	16,3	0,0	8,1	18,4	0,0	0,0	11,7	0,0	0,0
0,0	17,8	15,7	0,0	12,2	10,4	0,0	0,0	14,7	0,0
0,0	6,9	0,0	14,7	0,0	0,0	14,8	0,0	0,0	5,1
9,2	0,0	17,5	0,0	0,0	0,0	0,0	0,0	0,0	11,5
0,0	19,5	0,0	7,6	17,6	0,0	0,0	16,7	0,0	0,0
0,0	0,0	8,4	0,0	0,0	7,3	7,3	0,0	0,0	12,9
0,0	19,5	0,0	0,0	10,1	0,0	5,4	0,0	10,2	19,5
12,7	0,0	19,6	0,0	17,7	0,0	9,6	12,4	15,4	0,0
0,0	15,3	0,0	0,0	0,0	18,5	0,0	14,6	13,1	18,2
12,3	18,6	5,4	0,0	0,0	6,8	0,0	11,7	17,6	0,0
15,6	0,0	16,1	0,0	5,2	11,9	5,5	9,3	0,0	0,0
0,0	8,0	0,0	11,2	0,0	10,8	0,0	6,0	0,0	0,0
13,4	0,0	5,3	9,8	9,7	0,0	0,0	9,8	0,0	0,0
0,0	0,0	11,9	0,0	0,0	6,6	17,7	0,0	17,8	19,9
5,6	0,0	0,0	13,1	9,0	14,5	10,6	13,8	0,0	6,8
0,0	7,5	0,0	15,0	0,0	0,0	6,5	0,0	19,9	8,9
									
4,7	4,4	3,5	4,8	3,2	2,7	3,8	4,8	4,3	3,3
