19,5	0,0	11,0	18,5	0,0	0,0	0,0	0,0	0,0	11,9
11,3	13,6	0,0	7,1	11,1	0,0	0,0	5,5	0,0	0,0
0,0	0,0	16,4	0,0	13,5	20,0	0,0	0,0	11,9	0,0
9,5	0,0	11,5	0,0	0,0	0,0	11,8	0,0	0,0	0,0
0,0	15,5	0,0	15,4	10,5	0,0	0,0	8,3	0,0	0,0
0,0	16,3	18,7	0,0	18,1	11,5	0,0	0,0	19,5	0,0
0,0	10,7	0,0	12,7	0,0	0,0	14,4	0,0	0,0	10,3
6,7	0,0	13,6	0,0	0,0	0,0	0,0	0,0	0,0	8,1
0,0	13,3	0,0	11,9	18,8	0,0	0,0	19,9	0,0	0,0
0,0	0,0	15,3	0,0	0,0	13,7	7,0	0,0	0,0	17,6
0,0	8,7	0,0	0,0	12,7	0,0	16,3	0,0	11,2	13,4
9,6	0,0	17,9	0,0	6,7	0,0	5,7	18,1	8,8	0,0
0,0	11,9	0,0	0,0	0,0	12,2	0,0	11,3	7,6	18,2
15,0	7,0	13,4	0,0	0,0	11,3	0,0	7,7	13,7	0,0
15,0	0,0	19,9	0,0	10,8	16,7	11,0	9,2	0,0	0,0
0,0	17,3	0,0	13,9	0,0	17,7	0,0	7,6	0,0	0,0
9,0	0,0	7,1	8,5	19,1	0,0	0,0	11,1	0,0	0,0
0,0	0,0	17,4	0,0	0,0	7,5	15,0	0,0	8,2	14,7
6,6	0,0	0,0	18,1	6,1	14,4	15,2	9,6	0,0	8,2
0,0	20,0	0,0	16,3	0,0	0,0	16,5	0,0	18,2	10,8
									
4,0	3,8	4,4	3,8	4,9	4,7	4,2	2,8	2,8	3,4
