9,4	0,0	11,6	17,3	0,0	0,0	0,0	0,0	0,0	16,3
6,0	8,6	0,0	12,3	14,2	0,0	0,0	14,6	0,0	0,0
0,0	0,0	18,4	0,0	9,9	19,9	0,0	0,0	18,3	0,0
17,5	0,0	16,1	0,0	0,0	0,0	6,8	0,0	0,0	0,0
0,0	13,7	0,0	9,0	7,1	0,0	0,0	17,7	0,0	0,0
0,0	6,5	14,6	0,0	9,6	13,3	0,0	0,0	16,2	0,0
0,0	11,2	0,0	17,8	0,0	0,0	5,2	0,0	0,0	10,0
9,3	0,0	17,4	0,0	0,0	0,0	0,0	0,0	0,0	17,8
0,0	15,1	0,0	8,7	15,5	0,0	0,0	15,1	0,0	0,0
0,0	0,0	13,5	0,0	0,0	17,4	5,6	0,0	0,0	11,9
0,0	16,3	0,0	0,0	8,7	0,0	17,6	0,0	18,9	20,0
17,5	0,0	16,7	0,0	16,7	0,0	14,9	18,9	18,8	0,0
0,0	16,3	0,0	0,0	0,0	14,7	0,0	6,7	19,9	5,1
13,1	6,5	13,9	0,0	0,0	19,3	0,0	19,3	18,0	0,0
6,2	0,0	5,1	0,0	5,6	10,8	9,8	8,2	0,0	0,0
0,0	13,3	0,0	7,7	0,0	15,0	0,0	6,1	0,0	0,0
18,3	0,0	7,6	6,2	6,3	0,0	0,0	11,5	0,0	0,0
0,0	0,0	12,2	0,0	0,0	14,5	17,4	0,0	15,7	14,0
11,6	0,0	0,0	9,5	17,4	8,7	19,9	13,2	0,0	12,4
0,0	19,6	0,0	5,2	0,0	0,0	15,7	0,0	7,1	12,0
									
3,1	4,8	4,6	2,7	4,8	2,6	4,8	3,4	3,4	3,4
