14,7	0,0	10,5	5,7	0,0	0,0	0,0	0,0	0,0	9,5
11,6	11,1	0,0	6,7	16,0	0,0	0,0	10,9	0,0	0,0
0,0	0,0	15,5	0,0	9,0	15,6	0,0	0,0	14,7	0,0
19,6	0,0	12,6	0,0	0,0	0,0	10,7	0,0	0,0	0,0
0,0	5,5	0,0	6,4	8,3	0,0	0,0	9,4	0,0	0,0
0,0	8,0	6,8	0,0	9,0	11,7	0,0	0,0	12,2	0,0
0,0	19,8	0,0	14,8	0,0	0,0	14,4	0,0	0,0	19,7
16,1	0,0	14,8	0,0	0,0	0,0	0,0	0,0	0,0	6,0
0,0	7,5	0,0	14,7	12,5	0,0	0,0	5,2	0,0	0,0
0,0	0,0	14,8	0,0	0,0	15,2	8,5	0,0	0,0	15,7
0,0	11,9	0,0	0,0	8,4	0,0	5,8	0,0	19,5	12,9
12,4	0,0	7,6	0,0	13,8	0,0	5,8	9,0	8,9	0,0
0,0	14,8	0,0	0,0	0,0	13,7	0,0	5,9	11,7	12,7
9,9	11,7	16,0	0,0	0,0	16,2	0,0	13,0	15,7	0,0
18,5	0,0	6,3	0,0	6,1	18,3	7,2	5,1	0,0	0,0
0,0	17,5	0,0	18,5	0,0	15,0	0,0	13,0	0,0	0,0
17,2	0,0	9,3	5,9	18,6	0,0	0,0	8,1	0,0	0,0
0,0	0,0	16,6	0,0	0,0	5,4	8,9	0,0	13,6	11,4
8,0	0,0	0,0	10,0	6,8	12,2	15,8	13,1	0,0	19,0
0,0	15,7	0,0	8,6	0,0	0,0	5,6	0,0	12,5	11,2
									
4,3	2,9	4,3	3,4	3,1	3,8	3,5	3,3	3,4	4,9
