19,3	0,0	12,5	12,3	0,0	0,0	0,0	0,0	0,0	17,5
11,1	5,9	0,0	17,8	9,8	0,0	0,0	15,7	0,0	0,0
0,0	0,0	17,0	0,0	15,9	11,9	0,0	0,0	6,4	0,0
16,9	0,0	10,9	0,0	0,0	0,0	8,0	0,0	0,0	0,0
0,0	15,4	0,0	17,1	18,5	0,0	0,0	5,9	0,0	0,0
0,0	19,6	13,2	0,0	16,2	18,9	0,0	0,0	7,2	0,0
0,0	15,7	0,0	19,6	0,0	0,0	7,2	0,0	0,0	15,5
13,5	0,0	19,2	0,0	0,0	0,0	0,0	0,0	0,0	15,1
0,0	12,8	0,0	7,4	8,6	0,0	0,0	14,4	0,0	0,0
0,0	0,0	10,1	0,0	0,0	18,3	19,1	0,0	0,0	13,3
0,0	19,6	0,0	0,0	19,1	0,0	13,0	0,0	15,8	10,2
13,9	0,0	19,2	0,0	5,6	0,0	17,9	6,2	18,1	0,0
0,0	5,3	0,0	0,0	0,0	8,3	0,0	19,6	19,0	11,6
8,6	6,9	10,3	0,0	0,0	12,9	0,0	12,4	16,9	0,0
19,7	0,0	19,8	0,0	18,5	9,1	5,4	7,7	0,0	0,0
0,0	15,3	0,0	6,8	0,0	6,8	0,0	12,9	0,0	0,0
14,2	0,0	8,2	10,6	9,2	0,0	0,0	8,5	0,0	0,0
0,0	0,0	11,9	0,0	0,0	12,9	13,3	0,0	11,9	10,1
13,0	0,0	0,0	19,7	6,7	8,6	12,8	8,1	0,0	13,3
0,0	19,4	0,0	10,5	0,0	0,0	10,4	0,0	6,6	13,1
									
4,6	3,5	4,8	2,9	4,0	3,7	4,0	3,6	3,6	3,6
