18,7	0,0	12,0	19,2	0,0	0,0	0,0	0,0	0,0	8,4
16,4	6,8	0,0	7,0	5,8	0,0	0,0	6,5	0,0	0,0
0,0	0,0	15,6	0,0	14,4	11,6	0,0	0,0	5,8	0,0
16,2	0,0	14,9	0,0	0,0	0,0	13,8	0,0	0,0	0,0
0,0	10,0	0,0	5,1	17,8	0,0	0,0	7,9	0,0	0,0
0,0	12,3	15,1	0,0	20,0	9,0	0,0	0,0	9,1	0,0
0,0	12,5	0,0	12,6	0,0	0,0	15,8	0,0	0,0	19,3
9,2	0,0	12,7	0,0	0,0	0,0	0,0	0,0	0,0	9,7
0,0	12,9	0,0	14,7	18,3	0,0	0,0	16,5	0,0	0,0
0,0	0,0	14,8	0,0	0,0	9,4	16,9	0,0	0,0	7,9
0,0	7,5	0,0	0,0	16,5	0,0	9,6	0,0	17,2	7,0
20,0	0,0	9,8	0,0	17,6	0,0	6,7	8,5	6,6	0,0
0,0	18,0	0,0	0,0	0,0	17,4	0,0	14,8	14,6	16,3
13,4	11,0	15,8	0,0	0,0	7,0	0,0	19,5	19,6	0,0
15,9	0,0	7,9	0,0	15,2	6,0	7,2	7,5	0,0	0,0
0,0	5,4	0,0	7,5	0,0	5,7	0,0	7,8	0,0	0,0
19,2	0,0	6,9	19,1	12,9	0,0	0,0	6,9	0,0	0,0
0,0	0,0	13,1	0,0	0,0	5,6	7,1	0,0	10,5	13,9
5,1	0,0	0,0	18,9	8,2	7,5	14,9	18,0	0,0	12,0
0,0	15,9	0,0	5,7	0,0	0,0	16,1	0,0	9,2	18,4
									
4,3	4,0	3,6	3,3	3,1	3,6	2,8	2,9	4,6	4,7
