14,1	0,0	15,9	6,3	0,0	0,0	0,0	0,0	0,0	12,5
13,8	19,3	0,0	10,5	5,3	0,0	0,0	13,9	0,0	0,0
0,0	0,0	5,9	0,0	16,7	8,0	0,0	0,0	7,0	0,0
14,1	0,0	7,7	0,0	0,0	0,0	9,1	0,0	0,0	0,0
0,0	19,2	0,0	15,4	11,7	0,0	0,0	9,8	0,0	0,0
0,0	14,8	18,8	0,0	12,5	14,9	0,0	0,0	7,6	0,0
0,0	18,8	0,0	8,7	0,0	0,0	15,5	0,0	0,0	12,8
17,8	0,0	13,0	0,0	0,0	0,0	0,0	0,0	0,0	16,6
0,0	8,3	0,0	16,0	7,1	0,0	0,0	19,1	0,0	0,0
0,0	0,0	7,5	0,0	0,0	17,8	12,9	0,0	0,0	13,7
0,0	8,4	0,0	0,0	19,5	0,0	17,8	0,0	16,8	18,1
11,8	0,0	11,7	0,0	15,5	0,0	9,8	15,8	12,4	0,0
0,0	7,9	0,0	0,0	0,0	15,4	0,0	9,4	18,1	13,5
9,2	6,5	14,9	0,0	0,0	11,5	0,0	6,7	13,0	0,0
9,1	0,0	15,0	0,0	8,3	12,9	15,3	13,7	0,0	0,0
0,0	16,0	0,0	15,7	0,0	8,0	0,0	8,3	0,0	0,0
11,0	0,0	14,2	17,2	18,8	0,0	0,0	14,4	0,0	0,0
0,0	0,0	8,3	0,0	0,0	18,7	13,8	0,0	17,8	7,5
9,4	0,0	0,0	10,7	17,4	12,2	8,1	13,7	0,0	8,1
0,0	10,0	0,0	17,6	0,0	0,0	10,2	0,0	9,3	19,0
									
3,6	4,8	2,7	4,1	4,2	3,3	2,9	2,7	4,2	3,1
