14,0	0,0	11,0	5,7	0,0	0,0	0,0	0,0	0,0	6,0
7,7	11,6	0,0	6,0	5,7	0,0	0,0	7,3	0,0	0,0
0,0	0,0	16,1	0,0	12,1	9,3	0,0	0,0	15,5	0,0
13,4	0,0	13,4	0,0	0,0	0,0	8,7	0,0	0,0	0,0
0,0	11,2	0,0	13,3	13,8	0,0	0,0	14,1	0,0	0,0
0,0	6,6	7,0	0,0	19,3	15,7	0,0	0,0	10,8	0,0
0,0	15,8	0,0	11,4	0,0	0,0	15,0	0,0	0,0	18,2
17,5	0,0	17,5	0,0	0,0	0,0	0,0	0,0	0,0	14,5
0,0	15,9	0,0	9,7	11,4	0,0	0,0	13,4	0,0	0,0
0,0	0,0	6,4	0,0	0,0	9,4	7,4	0,0	0,0	17,0
0,0	13,3	0,0	0,0	19,8	0,0	5,3	0,0	6,3	7,6
9,8	0,0	12,2	0,0	7,6	0,0	6,5	16,5	12,7	0,0
0,0	16,6	0,0	0,0	0,0	7,0	0,0	12,8	7,7	19,4
19,3	7,4	19,5	0,0	0,0	7,5	0,0	12,2	7,9	0,0
16,4	0,0	5,5	0,0	11,2	8,0	12,4	12,0	0,0	0,0
0,0	16,1	0,0	10,8	0,0	16,3	0,0	16,6	0,0	0,0
15,2	0,0	19,9	16,6	7,2	0,0	0,0	5,9	0,0	0,0
0,0	0,0	19,0	0,0	0,0	17,8	18,8	0,0	17,5	16,1
6,4	0,0	0,0	7,3	16,3	8,6	9,9	7,6	0,0	18,0
0,0	11,5	0,0	15,2	0,0	0,0	7,7	0,0	16,2	14,8
									
3,7	4,5	3,2	4,7	4,4	3,4	2,6	4,8	3,5	4,1
