18,7	0,0	14,4	12,9	0,0	0,0	0,0	0,0	0,0	18,2
10,4	12,0	0,0	17,5	18,9	0,0	0,0	13,9	0,0	0,0
0,0	0,0	5,3	0,0	17,7	12,4	0,0	0,0	17,4	0,0
16,2	0,0	8,5	0,0	0,0	0,0	6,5	0,0	0,0	0,0
0,0	10,1	0,0	10,4	14,3	0,0	0,0	8,4	0,0	0,0
0,0	7,5	14,6	0,0	6,6	9,1	0,0	0,0	9,8	0,0
0,0	11,9	0,0	6,1	0,0	0,0	12,9	0,0	0,0	15,3
18,8	0,0	11,4	0,0	0,0	0,0	0,0	0,0	0,0	12,7
0,0	8,4	0,0	11,2	15,1	0,0	0,0	11,8	0,0	0,0
0,0	0,0	13,8	0,0	0,0	9,7	14,5	0,0	0,0	18,4
0,0	13,4	0,0	0,0	10,7	0,0	7,3	0,0	10,4	6,9
6,7	0,0	11,4	0,0	18,5	0,0	14,2	15,0	16,5	0,0
0,0	13,5	0,0	0,0	0,0	19,0	0,0	12,3	15,0	14,3
17,3	12,6	15,2	0,0	0,0	5,1	0,0	14,4	12,9	0,0
18,9	0,0	7,8	0,0	10,3	17,2	17,6	18,7	0,0	0,0
0,0	16,2	0,0	15,1	0,0	18,8	0,0	6,8	0,0	0,0
14,7	0,0	7,9	12,0	8,2	0,0	0,0	12,2	0,0	0,0
0,0	0,0	11,8	0,0	0,0	10,0	8,4	0,0	11,4	19,2
6,2	0,0	0,0	13,0	8,1	9,1	16,9	12,0	0,0	5,2
0,0	12,6	0,0	14,5	0,0	0,0	7,1	0,0	6,9	19,2
									
3,9	3,8	5,0	3,9	3,8	2,8	3,6	2,6	3,4	3,1
