11,4	0,0	17,5	7,3	0,0	0,0	0,0	0,0	0,0	13,2
16,9	14,1	0,0	13,4	14,7	0,0	0,0	7,4	0,0	0,0
0,0	0,0	7,6	0,0	15,6	16,8	0,0	0,0	7,0	0,0
16,6	0,0	13,9	0,0	0,0	0,0	19,7	0,0	0,0	0,0
0,0	6,9	0,0	14,1	13,8	0,0	0,0	15,5	0,0	0,0
0,0	17,3	19,1	0,0	13,1	6,3	0,0	0,0	12,2	0,0
0,0	13,5	0,0	14,9	0,0	0,0	9,2	0,0	0,0	11,6
16,8	0,0	18,9	0,0	0,0	0,0	0,0	0,0	0,0	5,6
0,0	17,0	0,0	6,2	11,4	0,0	0,0	13,2	0,0	0,0
0,0	0,0	10,6	0,0	0,0	12,4	9,0	0,0	0,0	5,9
0,0	8,0	0,0	0,0	8,2	0,0	6,8	0,0	7,9	11,8
5,1	0,0	16,8	0,0	12,2	0,0	18,0	6,0	10,3	0,0
0,0	14,5	0,0	0,0	0,0	16,5	0,0	17,2	5,1	16,5
15,9	8,4	5,5	0,0	0,0	17,0	0,0	8,3	17,0	0,0
9,5	0,0	14,7	0,0	16,9	18,2	7,5	16,6	0,0	0,0
0,0	14,7	0,0	18,7	0,0	5,2	0,0	12,4	0,0	0,0
13,1	0,0	12,9	11,5	10,5	0,0	0,0	13,5	0,0	0,0
0,0	0,0	6,2	0,0	0,0	6,1	9,5	0,0	11,2	13,8
12,7	0,0	0,0	19,2	7,8	10,3	9,2	12,1	0,0	17,1
0,0	17,1	0,0	8,5	0,0	0,0	10,5	0,0	18,9	13,9
									
2,7	4,1	4,5	4,8	4,8	4,1	5,0	4,0	4,1	2,9
