5,7	0,0	14,8	7,6	0,0	0,0	0,0	0,0	0,0	14,3
9,0	17,4	0,0	7,4	15,9	0,0	0,0	19,9	0,0	0,0
0,0	0,0	5,4	0,0	16,4	11,6	0,0	0,0	13,5	0,0
17,4	0,0	15,9	0,0	0,0	0,0	14,2	0,0	0,0	0,0
0,0	8,6	0,0	18,7	15,7	0,0	0,0	8,5	0,0	0,0
0,0	16,2	11,7	0,0	8,6	13,4	0,0	0,0	7,9	0,0
0,0	9,7	0,0	8,7	0,0	0,0	8,4	0,0	0,0	17,3
14,9	0,0	13,0	0,0	0,0	0,0	0,0	0,0	0,0	15,4
0,0	14,4	0,0	7,9	5,5	0,0	0,0	15,1	0,0	0,0
0,0	0,0	19,9	0,0	0,0	11,2	17,1	0,0	0,0	10,9
0,0	14,4	0,0	0,0	20,0	0,0	18,0	0,0	10,9	14,9
9,1	0,0	12,8	0,0	16,3	0,0	11,8	17,7	11,1	0,0
0,0	14,3	0,0	0,0	0,0	11,9	0,0	11,0	12,6	13,6
17,3	7,8	12,5	0,0	0,0	14,4	0,0	15,4	7,4	0,0
13,9	0,0	19,7	0,0	7,6	9,4	10,8	19,1	0,0	0,0
0,0	14,9	0,0	16,0	0,0	10,7	0,0	17,1	0,0	0,0
9,2	0,0	9,9	17,8	14,9	0,0	0,0	19,5	0,0	0,0
0,0	0,0	19,2	0,0	0,0	12,5	9,9	0,0	9,7	11,0
9,5	0,0	0,0	5,9	10,4	7,3	19,4	7,2	0,0	16,3
0,0	16,5	0,0	6,7	0,0	0,0	15,5	0,0	19,6	17,6
									
4,2	4,9	5,0	4,2	3,1	4,4	4,8	4,3	3,1	3,7
