8,7	0,0	19,0	17,4	0,0	0,0	0,0	0,0	0,0	7,0
19,1	15,9	0,0	19,2	5,9	0,0	0,0	9,4	0,0	0,0
0,0	0,0	17,4	0,0	14,0	9,5	0,0	0,0	8,7	0,0
19,7	0,0	12,4	0,0	0,0	0,0	7,2	0,0	0,0	0,0
0,0	17,3	0,0	14,5	6,2	0,0	0,0	14,6	0,0	0,0
0,0	9,7	18,1	0,0	7,9	14,1	0,0	0,0	10,4	0,0
0,0	8,6	0,0	12,9	0,0	0,0	7,0	0,0	0,0	19,6
9,4	0,0	19,7	0,0	0,0	0,0	0,0	0,0	0,0	15,2
0,0	8,6	0,0	5,8	18,4	0,0	0,0	15,9	0,0	0,0
0,0	0,0	20,0	0,0	0,0	17,5	15,2	0,0	0,0	8,9
0,0	13,9	0,0	0,0	11,3	0,0	17,9	0,0	7,8	6,0
7,4	0,0	5,5	0,0	17,2	0,0	11,0	9,1	12,4	0,0
0,0	19,7	0,0	0,0	0,0	19,0	0,0	11,5	15,9	12,2
10,6	14,5	12,2	0,0	0,0	19,2	0,0	8,2	15,8	0,0
11,0	0,0	10,8	0,0	5,6	6,5	13,9	19,3	0,0	0,0
0,0	11,1	0,0	10,6	0,0	10,8	0,0	11,2	0,0	0,0
11,2	0,0	9,6	17,1	10,1	0,0	0,0	8,9	0,0	0,0
0,0	0,0	19,1	0,0	0,0	11,3	19,2	0,0	11,7	18,8
19,7	0,0	0,0	19,7	15,1	9,3	19,8	18,4	0,0	10,5
0,0	18,7	0,0	19,5	0,0	0,0	6,3	0,0	15,8	17,2
									
2,8	4,8	3,3	4,1	3,9	4,5	3,1	4,8	3,9	2,6
