9,3	0,0	12,2	7,3	0,0	0,0	0,0	0,0	0,0	5,7
12,1	9,3	0,0	9,6	15,4	0,0	0,0	20,0	0,0	0,0
0,0	0,0	10,9	0,0	9,0	14,7	0,0	0,0	17,6	0,0
19,0	0,0	13,6	0,0	0,0	0,0	17,4	0,0	0,0	0,0
0,0	19,2	0,0	13,4	14,6	0,0	0,0	12,4	0,0	0,0
0,0	6,3	15,5	0,0	14,8	15,8	0,0	0,0	13,6	0,0
0,0	15,2	0,0	16,5	0,0	0,0	15,3	0,0	0,0	19,8
11,5	0,0	15,3	0,0	0,0	0,0	0,0	0,0	0,0	13,4
0,0	9,2	0,0	6,9	14,7	0,0	0,0	11,4	0,0	0,0
0,0	0,0	5,5	0,0	0,0	8,4	15,7	0,0	0,0	19,3
0,0	7,4	0,0	0,0	13,7	0,0	8,3	0,0	14,5	10,9
16,8	0,0	10,0	0,0	10,8	0,0	12,1	13,4	9,1	0,0
0,0	15,2	0,0	0,0	0,0	15,7	0,0	6,2	14,1	6,5
9,6	10,8	17,8	0,0	0,0	6,4	0,0	12,7	17,9	0,0
8,0	0,0	6,8	0,0	7,7	6,7	5,8	17,5	0,0	0,0
0,0	16,4	0,0	7,1	0,0	18,3	0,0	13,8	0,0	0,0
11,5	0,0	6,5	16,6	6,9	0,0	0,0	11,9	0,0	0,0
0,0	0,0	9,2	0,0	0,0	11,2	14,5	0,0	8,7	17,7
16,8	0,0	0,0	19,1	6,8	19,5	15,7	6,3	0,0	14,4
0,0	15,8	0,0	12,9	0,0	0,0	9,7	0,0	17,0	15,5
									
4,7	3,2	4,9	3,3	3,4	3,7	3,0	2,6	4,2	5,0
