15,3	0,0	12,1	17,3	0,0	0,0	0,0	0,0	0,0	13,3
19,2	6,7	0,0	7,2	9,5	0,0	0,0	16,8	0,0	0,0
0,0	0,0	14,0	0,0	15,9	5,4	0,0	0,0	19,6	0,0
12,0	0,0	11,0	0,0	0,0	0,0	9,8	0,0	0,0	0,0
0,0	6,7	0,0	7,1	11,0	0,0	0,0	9,4	0,0	0,0
0,0	13,6	10,2	0,0	18,7	17,1	0,0	0,0	16,2	0,0
0,0	7,2	0,0	14,0	0,0	0,0	7,6	0,0	0,0	7,9
16,9	0,0	13,8	0,0	0,0	0,0	0,0	0,0	0,0	9,8
0,0	19,4	0,0	19,7	5,7	0,0	0,0	14,5	0,0	0,0
0,0	0,0	17,8	0,0	0,0	13,6	15,4	0,0	0,0	7,1
0,0	14,5	0,0	0,0	13,6	0,0	10,0	0,0	18,0	17,9
7,7	0,0	11,9	0,0	13,1	0,0	14,3	6,9	12,3	0,0
0,0	9,4	0,0	0,0	0,0	7,4	0,0	12,5	12,1	6,7
11,1	16,1	13,7	0,0	0,0	16,1	0,0	13,1	18,0	0,0
19,6	0,0	10,4	0,0	5,9	13,7	10,7	6,5	0,0	0,0
0,0	9,7	0,0	6,3	0,0	15,0	0,0	5,7	0,0	0,0
18,7	0,0	12,8	16,2	11,0	0,0	0,0	9,9	0,0	0,0
0,0	0,0	9,9	0,0	0,0	14,3	12,2	0,0	12,6	6,7
10,2	0,0	0,0	17,5	5,4	10,9	19,8	15,3	0,0	10,1
0,0	9,6	0,0	19,7	0,0	0,0	16,3	0,0	5,2	8,8
									
4,8	4,1	3,5	3,6	4,4	2,6	3,1	4,4	3,1	3,7
