18,5	0,0	11,4	6,6	0,0	0,0	0,0	0,0	0,0	14,2
8,0	14,5	0,0	11,4	15,4	0,0	0,0	6,6	0,0	0,0
0,0	0,0	13,1	0,0	5,6	19,4	0,0	0,0	11,8	0,0
7,5	0,0	9,7	0,0	0,0	0,0	13,1	0,0	0,0	0,0
0,0	15,6	0,0	5,4	12,2	0,0	0,0	7,4	0,0	0,0
0,0	19,5	9,1	0,0	10,7	9,5	0,0	0,0	12,7	0,0
0,0	5,5	0,0	15,3	0,0	0,0	17,6	0,0	0,0	8,9
15,6	0,0	14,0	0,0	0,0	0,0	0,0	0,0	0,0	6,4
0,0	13,6	0,0	11,7	10,0	0,0	0,0	14,9	0,0	0,0
0,0	0,0	19,7	0,0	0,0	6,7	17,3	0,0	0,0	18,3
0,0	7,0	0,0	0,0	7,4	0,0	17,1	0,0	18,5	19,4
17,7	0,0	17,5	0,0	14,6	0,0	10,0	16,9	14,8	0,0
0,0	11,0	0,0	0,0	0,0	19,8	0,0	12,1	12,4	18,8
11,3	18,4	11,6	0,0	0,0	14,5	0,0	7,8	12,1	0,0
8,7	0,0	15,1	0,0	19,0	9,9	19,4	8,1	0,0	0,0
0,0	5,9	0,0	19,1	0,0	16,5	0,0	17,1	0,0	0,0
12,9	0,0	19,9	16,9	7,3	0,0	0,0	7,4	0,0	0,0
0,0	0,0	6,6	0,0	0,0	14,0	13,6	0,0	15,6	17,7
7,7	0,0	0,0	5,3	11,7	5,2	12,1	9,6	0,0	18,2
0,0	18,4	0,0	12,0	0,0	0,0	10,5	0,0	9,4	5,7
									
3,3	4,6	2,9	2,7	4,6	4,3	4,4	3,9	3,4	5,0
