7,4	0,0	13,7	11,7	0,0	0,0	0,0	0,0	0,0	6,2
13,8	16,3	0,0	13,1	11,8	0,0	0,0	11,7	0,0	0,0
0,0	0,0	16,1	0,0	13,9	10,2	0,0	0,0	16,2	0,0
16,3	0,0	19,2	0,0	0,0	0,0	12,8	0,0	0,0	0,0
0,0	9,3	0,0	16,9	7,9	0,0	0,0	8,2	0,0	0,0
0,0	12,9	14,3	0,0	16,0	13,0	0,0	0,0	17,3	0,0
0,0	12,1	0,0	19,2	0,0	0,0	8,6	0,0	0,0	18,4
17,2	0,0	8,5	0,0	0,0	0,0	0,0	0,0	0,0	8,1
0,0	9,2	0,0	10,2	14,6	0,0	0,0	15,3	0,0	0,0
0,0	0,0	18,6	0,0	0,0	12,6	19,0	0,0	0,0	19,8
0,0	11,6	0,0	0,0	19,6	0,0	18,3	0,0	9,2	5,9
12,2	0,0	7,0	0,0	13,1	0,0	14,6	18,0	19,3	0,0
0,0	15,8	0,0	0,0	0,0	12,6	0,0	10,1	7,0	11,7
18,9	9,9	9,0	0,0	0,0	17,2	0,0	11,8	14,4	0,0
11,3	0,0	5,5	0,0	11,2	10,0	17,9	10,6	0,0	0,0
0,0	6,2	0,0	13,0	0,0	18,9	0,0	16,6	0,0	0,0
12,1	0,0	16,4	13,8	8,0	0,0	0,0	5,5	0,0	0,0
0,0	0,0	19,3	0,0	0,0	6,1	18,7	0,0	18,8	7,9
15,7	0,0	0,0	8,9	18,1	11,6	8,6	16,9	0,0	14,8
0,0	9,3	0,0	17,6	0,0	0,0	5,3	0,0	19,5	16,9
									
3,6	3,9	3,4	4,8	4,4	4,7	4,9	4,7	4,8	4,0
