19,0	0,0	16,6	9,0	0,0	0,0	0,0	0,0	0,0	13,7
12,4	12,0	0,0	13,2	7,1	0,0	0,0	19,9	0,0	0,0
0,0	0,0	12,5	0,0	14,7	15,0	0,0	0,0	19,1	0,0
7,6	0,0	15,2	0,0	0,0	0,0	17,6	0,0	0,0	0,0
0,0	9,3	0,0	5,3	11,8	0,0	0,0	10,1	0,0	0,0
0,0	10,7	12,5	0,0	11,6	8,0	0,0	0,0	9,6	0,0
0,0	6,0	0,0	9,4	0,0	0,0	14,1	0,0	0,0	11,8
13,7	0,0	8,2	0,0	0,0	0,0	0,0	0,0	0,0	6,4
0,0	17,0	0,0	15,5	13,4	0,0	0,0	16,9	0,0	0,0
0,0	0,0	10,1	0,0	0,0	16,1	16,1	0,0	0,0	8,7
0,0	5,9	0,0	0,0	12,4	0,0	16,4	0,0	17,1	7,5
19,5	0,0	16,0	0,0	16,2	0,0	20,0	19,3	18,9	0,0
0,0	8,8	0,0	0,0	0,0	11,1	0,0	10,2	14,6	12,7
11,9	6,1	17,3	0,0	0,0	9,4	0,0	18,5	10,5	0,0
16,8	0,0	14,4	0,0	8,3	19,1	5,3	10,6	0,0	0,0
0,0	18,7	0,0	17,8	0,0	19,4	0,0	8,4	0,0	0,0
15,1	0,0	6,9	14,9	18,4	0,0	0,0	11,7	0,0	0,0
0,0	0,0	16,8	0,0	0,0	9,1	9,5	0,0	15,4	11,4
17,3	0,0	0,0	8,1	16,7	13,5	17,0	8,3	0,0	5,6
0,0	14,2	0,0	6,1	0,0	0,0	13,5	0,0	9,2	12,0
									
3,9	2,6	5,0	2,9	4,4	4,7	3,5	4,4	4,0	3,2
