8,7	0,0	8,1	18,1	0,0	0,0	0,0	0,0	0,0	7,5
9,1	17,3	0,0	11,4	8,6	0,0	0,0	18,3	0,0	0,0
0,0	0,0	19,5	0,0	15,8	8,9	0,0	0,0	7,0	0,0
8,8	0,0	7,2	0,0	0,0	0,0	16,6	0,0	0,0	0,0
0,0	15,1	0,0	8,2	13,9	0,0	0,0	12,4	0,0	0,0
0,0	14,5	18,7	0,0	9,3	9,3	0,0	0,0	19,9	0,0
0,0	8,4	0,0	7,6	0,0	0,0	18,6	0,0	0,0	7,0
8,2	0,0	11,5	0,0	0,0	0,0	0,0	0,0	0,0	14,3
0,0	19,5	0,0	5,3	7,9	0,0	0,0	13,2	0,0	0,0
0,0	0,0	14,3	0,0	0,0	17,7	12,6	0,0	0,0	17,2
0,0	7,3	0,0	0,0	15,2	0,0	12,5	0,0	17,0	9,0
14,5	0,0	15,3	0,0	8,9	0,0	9,2	17,5	10,2	0,0
0,0	5,6	0,0	0,0	0,0	13,8	0,0	17,9	7,4	11,6
19,7	14,4	6,2	0,0	0,0	5,8	0,0	16,7	17,4	0,0
18,2	0,0	18,0	0,0	8,8	5,1	15,4	17,3	0,0	0,0
0,0	11,7	0,0	10,3	0,0	19,0	0,0	7,8	0,0	0,0
13,5	0,0	7,7	12,3	15,1	0,0	0,0	16,9	0,0	0,0
0,0	0,0	12,3	0,0	0,0	6,0	16,3	0,0	15,7	15,9
16,8	0,0	0,0	18,9	16,1	15,9	15,1	10,4	0,0	16,8
0,0	17,4	0,0	5,1	0,0	0,0	12,2	0,0	13,6	18,6
									
4,4	3,3	3,8	4,7	5,0	3,1	3,5	4,9	2,6	3,9
