19,5	0,0	11,5	13,2	0,0	0,0	0,0	0,0	0,0	14,7
17,6	13,0	0,0	6,5	16,6	0,0	0,0	14,3	0,0	0,0
0,0	0,0	17,1	0,0	9,2	7,6	0,0	0,0	16,4	0,0
7,4	0,0	14,0	0,0	0,0	0,0	10,2	0,0	0,0	0,0
0,0	6,5	0,0	19,2	12,8	0,0	0,0	5,4	0,0	0,0
0,0	10,2	15,1	0,0	17,9	16,8	0,0	0,0	12,9	0,0
0,0	19,7	0,0	15,2	0,0	0,0	19,1	0,0	0,0	8,4
19,4	0,0	17,6	0,0	0,0	0,0	0,0	0,0	0,0	9,4
0,0	7,5	0,0	11,7	17,3	0,0	0,0	8,5	0,0	0,0
0,0	0,0	14,1	0,0	0,0	14,6	19,0	0,0	0,0	9,8
0,0	7,7	0,0	0,0	13,0	0,0	19,3	0,0	11,5	17,4
9,1	0,0	18,1	0,0	10,7	0,0	18,5	17,8	16,4	0,0
0,0	19,8	0,0	0,0	0,0	16,6	0,0	14,8	19,6	11,6
5,5	8,2	16,5	0,0	0,0	5,5	0,0	10,9	15,3	0,0
14,2	0,0	7,8	0,0	14,2	11,5	9,0	6,8	0,0	0,0
0,0	17,5	0,0	16,8	0,0	15,7	0,0	8,3	0,0	0,0
13,1	0,0	18,6	5,5	18,4	0,0	0,0	9,9	0,0	0,0
0,0	0,0	8,7	0,0	0,0	14,9	17,5	0,0	16,5	13,1
16,4	0,0	0,0	7,2	19,5	6,5	10,3	16,9	0,0	7,4
0,0	17,6	0,0	18,6	0,0	0,0	8,2	0,0	5,3	16,0
									
4,9	3,0	3,4	4,7	4,9	4,3	2,7	3,8	4,9	4,6
