6,1	0,0	13,8	13,6	0,0	0,0	0,0	0,0	0,0	10,0
18,6	17,0	0,0	7,1	18,8	0,0	0,0	18,3	0,0	0,0
0,0	0,0	11,6	0,0	18,1	17,2	0,0	0,0	17,0	0,0
5,4	0,0	13,7	0,0	0,0	0,0	10,9	0,0	0,0	0,0
0,0	8,0	0,0	10,1	9,7	0,0	0,0	16,8	0,0	0,0
0,0	14,9	11,4	0,0	16,6	7,1	0,0	0,0	18,6	0,0
0,0	16,8	0,0	5,8	0,0	0,0	7,9	0,0	0,0	18,3
19,0	0,0	18,9	0,0	0,0	0,0	0,0	0,0	0,0	8,8
0,0	5,5	0,0	17,3	7,8	0,0	0,0	5,4	0,0	0,0
0,0	0,0	19,2	0,0	0,0	16,3	19,5	0,0	0,0	9,0
0,0	8,0	0,0	0,0	12,9	0,0	6,0	0,0	19,9	16,4
9,1	0,0	7,4	0,0	5,6	0,0	5,4	15,6	11,7	0,0
0,0	17,5	0,0	0,0	0,0	16,5	0,0	13,4	11,0	5,4
17,4	14,2	7,7	0,0	0,0	12,6	0,0	6,2	10,1	0,0
15,3	0,0	11,8	0,0	14,4	9,6	15,9	12,9	0,0	0,0
0,0	5,2	0,0	7,9	0,0	19,8	0,0	14,7	0,0	0,0
9,6	0,0	18,2	19,5	7,5	0,0	0,0	13,9	0,0	0,0
0,0	0,0	19,6	0,0	0,0	10,0	13,9	0,0	11,7	12,2
16,5	0,0	0,0	10,8	6,0	12,6	19,1	9,3	0,0	14,4
0,0	5,7	0,0	11,1	0,0	0,0	9,7	0,0	6,3	11,3
									
3,0	4,0	2,9	4,9	5,0	3,5	3,5	4,2	3,3	3,3
