14,4	0,0	8,1	16,3	0,0	0,0	0,0	0,0	0,0	13,9
8,9	16,1	0,0	5,1	10,5	0,0	0,0	19,4	0,0	0,0
0,0	0,0	10,4	0,0	16,0	17,9	0,0	0,0	18,8	0,0
16,9	0,0	17,4	0,0	0,0	0,0	6,5	0,0	0,0	0,0
0,0	14,3	0,0	19,9	7,1	0,0	0,0	10,3	0,0	0,0
0,0	18,2	15,8	0,0	18,5	9,3	0,0	0,0	5,9	0,0
0,0	12,0	0,0	18,7	0,0	0,0	10,2	0,0	0,0	11,6
11,6	0,0	11,2	0,0	0,0	0,0	0,0	0,0	0,0	9,6
0,0	9,7	0,0	7,8	8,9	0,0	0,0	12,4	0,0	0,0
0,0	0,0	18,1	0,0	0,0	9,7	14,9	0,0	0,0	7,9
0,0	14,8	0,0	0,0	17,1	0,0	7,5	0,0	11,1	12,7
6,8	0,0	9,2	0,0	5,9	0,0	5,7	13,8	10,6	0,0
0,0	16,0	0,0	0,0	0,0	10,8	0,0	12,3	11,3	8,1
14,5	9,0	15,5	0,0	0,0	12,4	0,0	6,1	13,2	0,0
13,4	0,0	15,1	0,0	14,4	9,9	15,8	10,4	0,0	0,0
0,0	16,5	0,0	18,4	0,0	15,1	0,0	10,9	0,0	0,0
12,1	0,0	10,6	7,6	5,9	0,0	0,0	6,9	0,0	0,0
0,0	0,0	17,5	0,0	0,0	17,4	18,3	0,0	9,5	6,9
7,1	0,0	0,0	16,7	16,7	13,0	10,2	16,9	0,0	6,0
0,0	9,6	0,0	16,2	0,0	0,0	12,5	0,0	16,4	19,1
									
3,8	4,2	3,8	4,0	4,9	4,4	3,9	4,1	4,8	3,5
