6,1	0,0	11,8	19,5	0,0	0,0	0,0	0,0	0,0	13,4
5,1	8,3	0,0	15,7	18,2	0,0	0,0	11,1	0,0	0,0
0,0	0,0	18,3	0,0	17,3	7,8	0,0	0,0	9,4	0,0
14,9	0,0	11,0	0,0	0,0	0,0	18,4	0,0	0,0	0,0
0,0	17,3	0,0	11,4	14,4	0,0	0,0	17,2	0,0	0,0
0,0	12,5	10,5	0,0	18,0	10,4	0,0	0,0	10,0	0,0
0,0	13,8	0,0	10,4	0,0	0,0	5,3	0,0	0,0	11,1
15,9	0,0	13,5	0,0	0,0	0,0	0,0	0,0	0,0	7,8
0,0	13,2	0,0	8,5	7,0	0,0	0,0	12,3	0,0	0,0
0,0	0,0	10,6	0,0	0,0	17,5	8,5	0,0	0,0	19,3
0,0	14,8	0,0	0,0	18,5	0,0	9,9	0,0	13,8	10,3
15,6	0,0	13,2	0,0	9,2	0,0	7,6	8,9	11,2	0,0
0,0	5,1	0,0	0,0	0,0	11,8	0,0	16,7	5,4	6,6
14,9	5,6	15,1	0,0	0,0	11,3	0,0	15,2	14,5	0,0
12,9	0,0	5,4	0,0	17,7	17,0	5,2	9,5	0,0	0,0
0,0	18,7	0,0	9,2	0,0	17,2	0,0	13,4	0,0	0,0
18,6	0,0	11,5	14,6	10,1	0,0	0,0	7,0	0,0	0,0
0,0	0,0	15,2	0,0	0,0	5,1	12,2	0,0	6,7	6,7
8,4	0,0	0,0	6,8	14,3	17,3	7,3	12,1	0,0	8,3
0,0	8,3	0,0	16,4	0,0	0,0	12,3	0,0	5,6	9,9
									
3,1	3,9	3,7	4,6	3,8	4,3	3,7	3,6	4,0	3,2
