19,9	0,0	6,4	10,7	0,0	0,0	0,0	0,0	0,0	13,8
12,6	16,7	0,0	12,6	16,1	0,0	0,0	14,8	0,0	0,0
0,0	0,0	12,0	0,0	17,4	14,0	0,0	0,0	19,6	0,0
9,6	0,0	15,9	0,0	0,0	0,0	17,4	0,0	0,0	0,0
0,0	13,1	0,0	9,8	11,1	0,0	0,0	13,4	0,0	0,0
0,0	11,0	12,1	0,0	15,6	11,9	0,0	0,0	12,6	0,0
0,0	9,6	0,0	16,0	0,0	0,0	16,0	0,0	0,0	6,5
16,4	0,0	16,3	0,0	0,0	0,0	0,0	0,0	0,0	14,4
0,0	15,9	0,0	10,7	5,8	0,0	0,0	17,3	0,0	0,0
0,0	0,0	16,0	0,0	0,0	18,9	7,3	0,0	0,0	13,6
0,0	9,3	0,0	0,0	19,7	0,0	16,0	0,0	16,6	19,9
9,7	0,0	19,8	0,0	9,2	0,0	9,5	16,1	10,8	0,0
0,0	8,6	0,0	0,0	0,0	15,2	0,0	18,5	15,1	6,0
7,9	10,1	15,6	0,0	0,0	18,7	0,0	12,9	8,7	0,0
15,0	0,0	15,9	0,0	9,3	9,0	11,1	15,0	0,0	0,0
0,0	14,4	0,0	6,3	0,0	12,6	0,0	16,4	0,0	0,0
6,4	0,0	9,7	7,9	16,2	0,0	0,0	14,4	0,0	0,0
0,0	0,0	5,3	0,0	0,0	17,1	8,2	0,0	18,4	13,0
11,7	0,0	0,0	19,5	19,9	6,8	6,4	10,2	0,0	11,3
0,0	11,8	0,0	5,4	0,0	0,0	15,6	0,0	7,7	10,1
									
4,0	3,1	3,9	2,7	4,9	2,9	4,2	4,3	3,2	3,4
