10,3	0,0	10,8	12,4	0,0	0,0	0,0	0,0	0,0	20,0
7,5	10,4	0,0	6,3	15,1	0,0	0,0	13,7	0,0	0,0
0,0	0,0	15,1	0,0	14,2	10,1	0,0	0,0	5,8	0,0
18,2	0,0	15,6	0,0	0,0	0,0	6,2	0,0	0,0	0,0
0,0	11,9	0,0	19,0	17,7	0,0	0,0	19,4	0,0	0,0
0,0	7,2	10,5	0,0	6,1	13,1	0,0	0,0	17,8	0,0
0,0	13,3	0,0	14,6	0,0	0,0	9,9	0,0	0,0	7,1
9,2	0,0	8,7	0,0	0,0	0,0	0,0	0,0	0,0	8,2
0,0	8,2	0,0	6,8	6,5	0,0	0,0	10,0	0,0	0,0
0,0	0,0	12,2	0,0	0,0	16,0	18,7	0,0	0,0	7,2
0,0	8,9	0,0	0,0	16,8	0,0	5,6	0,0	13,4	5,8
19,6	0,0	18,0	0,0	13,0	0,0	11,5	15,2	11,8	0,0
0,0	9,8	0,0	0,0	0,0	9,2	0,0	7,4	15,4	5,4
8,8	19,2	15,6	0,0	0,0	8,1	0,0	17,9	17,5	0,0
5,8	0,0	17,1	0,0	17,5	14,1	6,3	8,9	0,0	0,0
0,0	16,0	0,0	14,3	0,0	10,5	0,0	10,7	0,0	0,0
14,4	0,0	12,2	16,1	8,9	0,0	0,0	5,6	0,0	0,0
0,0	0,0	19,7	0,0	0,0	15,8	11,6	0,0	14,9	11,4
12,1	0,0	0,0	10,6	13,9	13,4	13,0	17,8	0,0	5,8
0,0	8,6	0,0	17,8	0,0	0,0	18,8	0,0	18,8	16,7
									
4,7	3,5	2,9	3,2	4,8	4,3	3,0	3,9	4,2	4,3
