15,3	0,0	20,0	18,9	0,0	0,0	0,0	0,0	0,0	10,4
13,5	13,7	0,0	17,3	14,9	0,0	0,0	5,8	0,0	0,0
0,0	0,0	16,3	0,0	20,0	8,6	0,0	0,0	6,4	0,0
18,9	0,0	12,6	0,0	0,0	0,0	16,3	0,0	0,0	0,0
0,0	18,6	0,0	8,4	14,3	0,0	0,0	13,4	0,0	0,0
0,0	11,2	11,8	0,0	15,1	8,8	0,0	0,0	19,2	0,0
0,0	8,9	0,0	19,4	0,0	0,0	7,0	0,0	0,0	7,9
5,6	0,0	12,7	0,0	0,0	0,0	0,0	0,0	0,0	6,7
0,0	14,1	0,0	8,9	16,2	0,0	0,0	15,4	0,0	0,0
0,0	0,0	19,1	0,0	0,0	12,1	11,6	0,0	0,0	10,6
0,0	17,7	0,0	0,0	19,0	0,0	14,4	0,0	11,7	15,5
10,3	0,0	14,4	0,0	6,3	0,0	7,9	10,8	5,7	0,0
0,0	13,6	0,0	0,0	0,0	10,8	0,0	11,6	10,5	9,2
5,5	19,3	9,8	0,0	0,0	8,5	0,0	9,4	9,4	0,0
8,6	0,0	15,9	0,0	8,0	8,1	19,1	16,1	0,0	0,0
0,0	7,1	0,0	9,0	0,0	10,4	0,0	7,5	0,0	0,0
7,8	0,0	7,9	17,6	10,5	0,0	0,0	13,6	0,0	0,0
0,0	0,0	11,9	0,0	0,0	11,2	10,9	0,0	8,6	8,8
10,5	0,0	0,0	7,4	12,8	7,1	15,0	14,6	0,0	14,3
0,0	12,5	0,0	17,2	0,0	0,0	6,7	0,0	17,4	19,6
									
2,9	4,6	4,9	3,1	5,0	4,4	4,4	3,3	3,5	3,4
