13,5	0,0	19,9	7,6	0,0	0,0	0,0	0,0	0,0	16,1
7,5	18,3	0,0	18,5	8,0	0,0	0,0	8,8	0,0	0,0
0,0	0,0	11,4	0,0	19,1	15,7	0,0	0,0	12,4	0,0
13,0	0,0	19,2	0,0	0,0	0,0	18,1	0,0	0,0	0,0
0,0	13,7	0,0	12,5	5,3	0,0	0,0	10,7	0,0	0,0
0,0	7,2	16,5	0,0	10,4	11,6	0,0	0,0	19,9	0,0
0,0	16,6	0,0	14,7	0,0	0,0	18,2	0,0	0,0	13,9
5,4	0,0	15,1	0,0	0,0	0,0	0,0	0,0	0,0	10,8
0,0	13,5	0,0	19,9	11,4	0,0	0,0	11,7	0,0	0,0
0,0	0,0	11,8	0,0	0,0	15,6	7,4	0,0	0,0	19,2
0,0	9,6	0,0	0,0	16,1	0,0	7,8	0,0	5,8	5,6
14,2	0,0	11,2	0,0	19,8	0,0	19,5	6,9	14,9	0,0
0,0	7,9	0,0	0,0	0,0	8,3	0,0	8,6	18,2	19,4
14,2	8,5	6,9	0,0	0,0	12,1	0,0	7,8	6,9	0,0
5,5	0,0	18,5	0,0	10,0	10,5	8,6	10,6	0,0	0,0
0,0	5,2	0,0	9,9	0,0	14,8	0,0	11,6	0,0	0,0
18,9	0,0	10,2	10,4	18,4	0,0	0,0	7,9	0,0	0,0
0,0	0,0	11,6	0,0	0,0	15,0	10,7	0,0	9,2	16,5
19,0	0,0	0,0	11,4	12,2	13,2	14,6	7,3	0,0	12,8
0,0	7,8	0,0	18,9	0,0	0,0	5,2	0,0	19,5	19,8
									
3,4	3,7	4,5	2,7	2,9	3,6	3,1	4,6	4,0	4,9
