7,1	0,0	9,7	14,2	0,0	0,0	0,0	0,0	0,0	13,1
19,9	11,7	0,0	18,6	7,4	0,0	0,0	15,5	0,0	0,0
0,0	0,0	11,5	0,0	15,1	13,8	0,0	0,0	12,9	0,0
6,3	0,0	17,1	0,0	0,0	0,0	9,2	0,0	0,0	0,0
0,0	6,3	0,0	16,9	16,8	0,0	0,0	16,4	0,0	0,0
0,0	15,0	5,8	0,0	13,0	15,1	0,0	0,0	9,1	0,0
0,0	5,6	0,0	15,7	0,0	0,0	8,5	0,0	0,0	7,3
15,4	0,0	17,3	0,0	0,0	0,0	0,0	0,0	0,0	10,4
0,0	14,3	0,0	6,7	7,2	0,0	0,0	18,6	0,0	0,0
0,0	0,0	13,1	0,0	0,0	10,6	16,4	0,0	0,0	11,5
0,0	11,7	0,0	0,0	9,8	0,0	18,7	0,0	18,0	6,9
8,6	0,0	10,2	0,0	8,9	0,0	9,1	20,0	19,7	0,0
0,0	14,8	0,0	0,0	0,0	19,0	0,0	8,6	15,4	6,4
11,0	16,9	19,7	0,0	0,0	19,7	0,0	18,9	16,5	0,0
13,2	0,0	17,2	0,0	15,2	16,1	19,0	14,6	0,0	0,0
0,0	11,9	0,0	16,4	0,0	16,0	0,0	15,0	0,0	0,0
14,4	0,0	7,1	19,5	18,3	0,0	0,0	15,8	0,0	0,0
0,0	0,0	15,0	0,0	0,0	16,3	16,3	0,0	9,7	10,6
11,1	0,0	0,0	16,9	5,2	5,5	19,9	14,8	0,0	11,4
0,0	18,9	0,0	5,1	0,0	0,0	6,0	0,0	12,4	17,1
									
2,9	3,4	4,7	3,5	2,9	4,0	4,3	2,9	4,1	3,1
