17,4	0,0	12,5	5,2	0,0	0,0	0,0	0,0	0,0	7,6
15,9	7,3	0,0	9,6	8,0	0,0	0,0	15,8	0,0	0,0
0,0	0,0	10,2	0,0	11,8	15,3	0,0	0,0	10,5	0,0
16,3	0,0	11,0	0,0	0,0	0,0	15,7	0,0	0,0	0,0
0,0	16,0	0,0	12,1	16,1	0,0	0,0	12,0	0,0	0,0
0,0	15,7	7,7	0,0	10,6	12,3	0,0	0,0	15,8	0,0
0,0	18,4	0,0	6,8	0,0	0,0	8,2	0,0	0,0	15,8
9,6	0,0	10,5	0,0	0,0	0,0	0,0	0,0	0,0	13,3
0,0	19,7	0,0	13,7	16,4	0,0	0,0	11,4	0,0	0,0
0,0	0,0	15,2	0,0	0,0	17,9	16,4	0,0	0,0	13,2
0,0	16,6	0,0	0,0	8,5	0,0	12,8	0,0	7,4	18,5
15,5	0,0	14,9	0,0	15,0	0,0	10,8	13,7	17,6	0,0
0,0	8,2	0,0	0,0	0,0	5,2	0,0	11,6	13,3	5,6
7,7	12,2	13,9	0,0	0,0	7,8	0,0	8,1	19,7	0,0
17,3	0,0	12,1	0,0	9,3	18,2	15,9	11,5	0,0	0,0
0,0	7,5	0,0	11,2	0,0	14,8	0,0	11,4	0,0	0,0
13,1	0,0	16,9	15,5	5,3	0,0	0,0	9,4	0,0	0,0
0,0	0,0	19,0	0,0	0,0	16,1	7,0	0,0	19,3	10,0
17,3	0,0	0,0	15,8	11,3	8,9	7,4	12,3	0,0	6,3
0,0	15,0	0,0	10,0	0,0	0,0	8,8	0,0	13,3	15,0
									
3,3	4,4	2,8	2,8	3,5	4,1	2,6	4,3	3,5	4,1
