14,7	0,0	13,4	17,5	0,0	0,0	0,0	0,0	0,0	19,9
16,8	5,2	0,0	16,3	14,8	0,0	0,0	15,8	0,0	0,0
0,0	0,0	16,4	0,0	17,8	16,7	0,0	0,0	13,2	0,0
12,4	0,0	10,0	0,0	0,0	0,0	14,0	0,0	0,0	0,0
0,0	13,7	0,0	14,5	13,9	0,0	0,0	8,9	0,0	0,0
0,0	11,0	19,2	0,0	7,8	10,7	0,0	0,0	6,1	0,0
0,0	12,2	0,0	12,5	0,0	0,0	18,8	0,0	0,0	7,5
13,3	0,0	18,0	0,0	0,0	0,0	0,0	0,0	0,0	6,7
0,0	7,1	0,0	19,3	17,4	0,0	0,0	14,9	0,0	0,0
0,0	0,0	15,2	0,0	0,0	13,7	6,4	0,0	0,0	16,7
0,0	19,3	0,0	0,0	13,5	0,0	16,7	0,0	10,2	19,9
17,5	0,0	8,3	0,0	13,2	0,0	13,0	15,8	16,1	0,0
0,0	19,1	0,0	0,0	0,0	6,5	0,0	11,4	5,9	14,9
17,1	13,9	6,0	0,0	0,0	19,1	0,0	11,2	16,8	0,0
12,7	0,0	15,1	0,0	19,3	17,2	18,8	9,5	0,0	0,0
0,0	17,3	0,0	5,2	0,0	6,9	0,0	12,6	0,0	0,0
6,4	0,0	8,4	11,8	12,4	0,0	0,0	8,4	0,0	0,0
0,0	0,0	15,2	0,0	0,0	5,1	19,0	0,0	18,4	8,8
15,1	0,0	0,0	13,8	14,7	18,0	13,7	12,9	0,0	16,3
0,0	19,1	0,0	15,9	0,0	0,0	14,0	0,0	6,9	11,1
									
4,6	3,4	2,8	3,8	4,5	4,3	4,3	5,0	3,1	2,7
