8,6	0,0	18,6	18,7	0,0	0,0	0,0	0,0	0,0	19,8
8,5	10,8	0,0	18,6	9,9	0,0	0,0	6,6	0,0	0,0
0,0	0,0	10,4	0,0	12,4	15,9	0,0	0,0	12,5	0,0
13,8	0,0	14,6	0,0	0,0	0,0	12,7	0,0	0,0	0,0
0,0	15,6	0,0	18,6	13,3	0,0	0,0	6,3	0,0	0,0
0,0	11,3	18,8	0,0	7,5	7,4	0,0	0,0	18,6	0,0
0,0	19,7	0,0	16,3	0,0	0,0	18,2	0,0	0,0	10,0
14,8	0,0	15,7	0,0	0,0	0,0	0,0	0,0	0,0	19,6
0,0	18,1	0,0	5,6	12,2	0,0	0,0	18,3	0,0	0,0
0,0	0,0	8,9	0,0	0,0	13,3	12,3	0,0	0,0	11,4
0,0	14,0	0,0	0,0	13,5	0,0	11,4	0,0	16,0	19,1
13,8	0,0	12,8	0,0	15,6	0,0	10,8	18,1	18,9	0,0
0,0	19,4	0,0	0,0	0,0	19,2	0,0	6,8	13,1	19,6
12,8	10,2	13,7	0,0	0,0	6,0	0,0	8,2	19,0	0,0
13,7	0,0	12,1	0,0	12,9	5,6	10,5	5,3	0,0	0,0
0,0	10,1	0,0	10,4	0,0	13,3	0,0	9,2	0,0	0,0
14,7	0,0	13,5	14,4	6,9	0,0	0,0	11,5	0,0	0,0
0,0	0,0	10,0	0,0	0,0	15,5	5,7	0,0	19,4	19,7
9,6	0,0	0,0	10,6	14,3	6,9	14,5	18,2	0,0	7,0
0,0	15,3	0,0	19,8	0,0	0,0	14,9	0,0	15,0	10,4
									
2,6	4,9	4,9	3,6	2,6	3,3	3,6	4,9	3,0	4,7
