17,6	0,0	16,7	8,1	0,0	0,0	0,0	0,0	0,0	8,1
12,0	5,4	0,0	14,2	9,2	0,0	0,0	11,0	0,0	0,0
0,0	0,0	11,5	0,0	7,1	11,4	0,0	0,0	7,2	0,0
9,5	0,0	11,9	0,0	0,0	0,0	11,9	0,0	0,0	0,0
0,0	17,8	0,0	18,8	12,1	0,0	0,0	6,9	0,0	0,0
0,0	19,3	10,5	0,0	17,4	17,0	0,0	0,0	10,6	0,0
0,0	6,9	0,0	5,4	0,0	0,0	15,8	0,0	0,0	12,3
14,8	0,0	9,3	0,0	0,0	0,0	0,0	0,0	0,0	5,5
0,0	7,3	0,0	14,2	9,3	0,0	0,0	10,5	0,0	0,0
0,0	0,0	10,9	0,0	0,0	6,2	6,6	0,0	0,0	5,2
0,0	7,3	0,0	0,0	12,8	0,0	13,0	0,0	15,4	17,6
5,4	0,0	15,4	0,0	16,5	0,0	12,9	14,7	13,0	0,0
0,0	16,6	0,0	0,0	0,0	15,8	0,0	10,8	8,7	12,3
8,4	7,7	13,7	0,0	0,0	5,2	0,0	12,3	19,8	0,0
13,5	0,0	17,4	0,0	18,2	19,8	18,4	10,6	0,0	0,0
0,0	7,3	0,0	10,3	0,0	19,3	0,0	8,7	0,0	0,0
5,1	0,0	10,0	17,3	15,3	0,0	0,0	16,8	0,0	0,0
0,0	0,0	13,6	0,0	0,0	12,7	5,3	0,0	17,9	7,9
17,3	0,0	0,0	7,3	16,3	8,6	5,8	8,6	0,0	9,2
0,0	17,3	0,0	12,1	0,0	0,0	7,3	0,0	9,6	14,9
									
4,3	2,6	3,0	3,4	4,2	3,3	4,3	4,7	3,1	3,8
