1 9.8    2 0.0    3 5.1    4 16.2    5 0.0    6 0.0    7 0.0    8 0.0    9 0.0    10 7.5
1 13.6    2 13.2    3 0.0    4 9.4    5 14.6    6 0.0    7 0.0    8 17.2    9 0.0    10 0.0
1 0.0    2 0.0    3 9    4 0.0    5 16.5    6 13.7    7 0.0    8 0.0    9 6.7    10 0.0
1 10.5    2 0.0    3 11.1    4 0.0    5 0.0    6 0.0    7 12.6    8 0.0    9 0.0    10 0.0
1 0.0    2 16    3 0.0    4 12.6    5 16.8    6 0.0    7 0.0    8 17.5    9 0.0    10 0.0
1 0.0    2 13.4    3 8.5    4 0.0    5 20    6 10.2    7 0.0    8 0.0    9 10.5    10 0.0
1 0.0    2 7.4    3 0.0    4 16.8    5 0.0    6 0.0    7 15.9    8 0.0    9 0.0    10 18.9
1 7.7    2 0.0    3 7.2    4 0.0    5 0.0    6 0.0    7 0.0    8 0.0    9 0.0    10 13.7
1 0.0    2 11.6    3 0.0    4 18.6    5 8.4    6 0.0    7 0.0    8 9.9    9 0.0    10 0.0
1 0.0    2 0.0    3 10.9    4 0.0    5 0.0    6 13.2    7 12.1    8 0.0    9 0.0    10 6.2

1 3.3  2 3.3  3 2.8  4 4.9  5 4.1  6 4  7 3.1  8 3.2  9 3.2  10 3.5
